567763,704726,567747,446007,446006,446005,448042,565739,446004,448041,567750,571729,567776,567765,567766,446003,704727,567749,704728,567762,704729,567748,567764,448040,567756,446008,567751,569759,567752,567758,567745,567742,567741,446026,567767,446027,567753,567754,567755,571696,567760,567759,446010,567757,446028,567768,567769,567743,567775,567774,704724,704723,567773,567772,567771,567770,445999,446000,446001,704722,567761,446009,446002,448039,567744,569761,569760,704725,567746,569774,569764,697555,565641,697554,697553,697535,697534,697533,442773,442772,442771,708800,565605,565604,565603,565602,565601,565600,565599,442770,442769,442768,697556,697557,697558,697559,697582,697581,697580,697579,697578,697577,442803,442802,442801,442800,442767,442799,697568,442797,442796,565640,697564,697563,697562,442794,697561,697560,442798,442766,442765,442764,703892,561745,561746,561747,561748,561749,565595,565594,565593,565592,571601,571602,708839,708849,708850,708876,708877,708878,708944,571604,571605,571606,571603,697598,571600,571596,565598,708825,708830,701628,708831,565597,565596,561734,561735,561736,571597,561737,561739,561740,561741,561742,571594,561743,561744,703890,703891,571595,561738,697599,697600,697601,562718,562717,561728,561729,561730,703753,703754,703755,703756,561731,561727,561732,562716,562715,562714,562713,562712,562711,562710,562709,562708,562707,561733,562706,561726,562719,709901,450124,562726,562725,562724,562723,562722,450125,571961,571960,561725,561718,561720,561721,561722,450953,450952,450951,561723,561724,562721,562720,561719,571607,562705,703757,703861,703862,708790,697751,697750,697749,442882,442881,697748,697747,703851,697718,697706,697684,442853,442852,442851,442850,442849,442848,442847,697617,697717,562704,703850,703807,703758,708793,708794,708795,708796,708797,708798,708799,703759,703762,703824,703763,708792,708791,703765,703766,703767,442888,442887,703768,703769,703806,703764,567740,571608,571610,562678,562677,448050,569772,448049,709051,565490,565489,565642,448048,448047,448046,448045,448044,448043,562676,562675,565643,565644,565645,565646,562679,562680,562681,562682,562694,562693,562692,709017,709018,709019,565537,562691,562690,562689,567730,562688,562686,562685,565536,709035,565535,565534,565533,565532,562684,562683,562687,567729,567731,567732,704699,569771,569770,569769,703915,703925,703926,704700,704712,704713,704698,704714,704716,704717,704718,704719,704720,704721,569768,569767,569766,569765,704715,562695,704697,567722,567733,562674,562673,562672,562671,562670,562669,562668,562667,562666,567721,567734,567736,567737,567738,567739,567728,567727,567726,567725,567724,567723,567735,562696,562697,562698,708952,708953,708954,708955,708976,708977,708978,708979,561750,561751,562699,561752,561754,561755,561756,561757,561758,561759,561760,561767,561786,561787,561753,561788,562700,562702,571611,571612,571613,571614,571615,571616,571617,571618,708945,708946,562701,708947,708949,708950,703893,703894,703895,703896,703897,703898,708951,562703,708948,571609,716222,716204,569776,569775,569758,716017,716008,716003,716002,716001,716000,569773,569777,571637,571680,715999,715992,715991,709015,571681,571693,709016,571694,571695,571638,716221,569778,716056,716203,716180,716147,716146,716145,716144,716143,716142,716141,716140,716018,571619,716139,716137,571621,571622,571623,716136,716135,709874,448051,716134,571620,704734,567646,704736,565704,562563,567686,704872,704873,562562,562561,704874,704884,704885,567685,571836,571837,571838,571839,571840,571841,571842,571843,571844,571845,571846,571847,571848,567684,565705,565706,565707,565708,562592,562591,562590,562589,562588,562587,562586,562585,562584,562583,567689,562582,571849,562581,562573,562572,562571,562570,562569,562568,562567,562566,562565,562564,567688,567687,562574,562593,571850,571852,704916,704917,571883,571884,571885,571886,571887,571888,571889,571890,571891,569562,569563,569564,569565,569566,571892,571893,571894,571895,571896,571897,569567,569568,571898,571882,571881,571880,571879,571853,571854,571855,571856,571857,571858,571859,571860,571861,571862,571863,571864,571851,571865,571867,571868,571869,571870,571871,571872,571873,571874,571875,571876,571877,571878,571866,562594,562595,562596,567696,562648,562647,562646,562645,562644,562643,562642,562641,562640,562639,562638,562637,562636,562635,565664,565665,565666,562634,562633,565667,565668,562632,562631,562630,704848,704793,704792,704791,565718,565717,565716,565715,565714,701842,704781,704783,704784,704785,565713,565712,562629,565711,376266,376265,376264,376263,447900,701802,701803,701813,701814,704786,704789,704790,565710,562628,562627,562626,696682,696693,696694,562605,562604,562603,562602,562601,571934,571933,704859,704860,571935,571932,704862,704863,562600,562599,562598,567693,567692,567691,567690,562597,569703,565709,704861,571899,562606,571937,562625,562624,562623,562622,569547,569560,569561,567695,562621,562620,562619,562618,571936,562617,562615,562614,562613,562612,562611,562610,562609,562608,562607,567694,704858,571938,562616,447901,571900,571902,445923,445922,445921,445920,445919,445918,445917,445916,567515,567516,704922,567654,567653,567652,567651,567517,567518,567519,567540,445876,445875,445874,445873,445872,445871,445924,445925,445926,565682,714975,714976,714977,714978,714984,714994,715031,715032,445972,445971,445970,445969,445870,445968,445966,445965,445964,445963,445962,445961,445960,565687,565686,565685,565684,565683,445967,714974,445869,445867,565680,565679,565678,565677,565676,565675,565674,565673,565672,565671,565670,445832,567650,567642,567643,567649,715177,562414,715176,562413,715158,562412,567648,567644,567645,715122,715121,715120,715119,445866,445865,445864,445863,567581,567582,567583,445847,445846,567584,567639,715112,445868,715113,715115,704953,704952,704951,704950,704939,567640,567641,565681,715116,715117,715118,715114,714969,714968,562466,569632,569633,569646,569683,569684,569685,569686,696724,696723,571919,571920,571921,571922,571923,569687,569688,569689,569690,569691,569692,562560,571924,569697,569698,569699,569631,569630,569590,569589,571903,571904,571905,571906,571907,571908,571909,571910,571911,569569,571912,571913,715199,571914,571916,571917,571918,696729,696728,696727,696726,696725,569570,569571,569572,569573,571915,715198,715197,715181,445979,565690,565689,445978,445977,565688,445976,445975,445974,445973,562532,562531,445980,562530,562528,562527,562526,562525,562524,562523,562522,562521,562470,562469,562468,562467,562529,571901,565691,571930,715178,569700,569701,704918,704919,704920,569702,704921,565703,565702,565701,565700,571931,565699,565697,565696,565695,565694,565669,565693,565692,571925,571926,571927,571928,571929,565698,704735,447902,447905,567842,567843,567844,567845,565659,701649,701650,701651,565660,701627,701652,701653,701654,701655,701662,701663,701679,701680,701684,701685,701689,701690,565661,565662,565663,567841,567840,567839,567838,567817,567818,565726,565725,567819,567820,567821,567822,567823,567824,567825,567826,701718,567827,567829,567830,448018,448017,448016,567831,567832,567833,567834,567835,567836,567837,567828,567816,701719,448014,567847,567848,567849,445987,445986,445985,445984,445983,445982,445981,567850,567851,567852,571730,571731,571732,571733,571734,571735,567853,562665,562664,571745,571746,571747,709814,567846,704738,704737,448013,701777,448012,448011,448010,448009,701778,709823,447999,447998,447997,447996,448015,447995,709822,701779,701780,701781,701782,709821,709820,709819,709818,709817,709816,709815,447994,567815,567814,567813,567784,567785,709855,709854,709849,565734,565733,567786,567787,567788,567789,445998,445997,445996,445995,445994,445993,445992,569743,569742,569741,569740,567790,567791,567792,567783,567782,567781,567780,565647,567777,567778,567779,569757,569756,569755,569754,569753,565738,569752,569751,701873,569750,448038,448037,448036,448035,565737,569748,569747,569746,569745,569744,565736,565735,569749,701872,565648,565732,567809,567810,567811,448034,448033,448032,448031,448030,448029,448028,448027,448026,567808,448025,448023,448022,445991,445990,445989,445988,448021,448020,448019,565728,565727,567812,448024,571748,567807,567805,565731,565649,565650,565651,567793,567794,567795,567796,567797,567798,567799,565652,567806,565653,565655,701629,565656,565730,565729,565657,565658,567800,567801,567802,567803,567804,565654,447903,571749,447974,571797,571798,571799,571814,571815,571816,571817,571818,571819,571820,571821,571822,571823,571824,571825,571826,571827,571828,571829,571830,571831,571832,571833,571834,571835,571790,567928,567927,567926,571772,571773,571774,571775,571776,567888,567889,567890,567891,567892,567893,567894,701844,567895,567897,567898,567899,567900,567901,567902,567903,567916,567917,567918,567920,567921,567896,571771,701843,567707,379340,567698,567697,704777,704778,379341,704779,704780,569726,569725,447920,447919,447918,447917,447916,447915,447914,447913,447912,447911,447910,447909,447908,447907,447906,567699,379339,379338,569727,567706,567705,567704,567703,569739,569738,569737,567702,569736,569735,569734,569733,567708,569732,569730,569729,567701,567700,379336,379337,447925,447924,447923,447922,447921,569728,569731,571770,571769,567709,696592,696660,696661,571954,571953,571952,571951,571950,571949,571948,571947,571946,571945,571944,571943,447968,571942,447967,447966,447965,447964,447963,447962,571941,571940,571955,571956,571957,571958,567647,571750,571751,447972,447971,447970,562663,562662,562661,562660,447969,562659,571939,562658,562656,562655,562654,562653,562652,562651,562650,704739,704740,704741,704742,571959,562657,704750,704751,567720,567868,701848,701847,567869,701846,567712,567711,567870,567871,567872,567873,567874,567867,567875,567877,567878,567879,567880,567881,567882,567883,567884,567885,447879,701845,567710,567876,447975,567866,565719,567719,567718,567854,567855,567856,567857,567858,567717,567716,567715,567714,567859,567865,701849,567713,567861,567862,567863,567864,562649,376267,565724,565723,565722,565721,565720,567860,447973,565748,450122,566712,566711,566710,566709,566708,566707,566706,566713,566705,449083,449082,566703,566702,566701,566700,566699,566704,449081,566714,702674,444847,444846,444845,444844,444843,444842,444841,566715,444840,702678,702677,702676,702675,444823,444822,444821,702679,566698,566697,566696,702653,702652,702651,566683,566682,566681,566680,702673,566679,566677,566676,566675,566674,566673,566672,566671,566678,566684,566685,566686,566695,566694,566693,566692,566691,566690,566689,566688,566687,707995,707994,707993,707992,707991,707990,449080,449079,444848,444849,444850,444851,566728,566727,566726,566725,566724,566723,566722,566729,566721,566719,566718,568772,568773,568774,566717,566716,566720,566730,566731,566732,566741,566740,566739,566738,566737,566736,564734,564733,564732,564731,564730,564729,564728,564727,566735,566734,566733,564726,566670,564725,568776,563833,563834,563835,449101,449100,449099,449098,568793,449097,449086,449085,449084,568794,702703,702696,444852,449096,568792,568791,568790,568777,564724,568778,568779,568780,568781,568782,568783,568784,568785,568786,568787,568788,702712,702711,702710,568789,568775,566669,566668,449078,706745,448988,448987,706746,706747,706748,448986,706744,448985,706755,706756,706757,706776,706777,706782,706783,448984,711952,711953,711959,449018,449017,712027,712026,448999,448998,712025,712024,448997,448996,448995,448994,448993,448992,448991,448990,448989,706784,449019,706791,706800,706829,707955,707954,707953,707942,707941,707940,706828,707939,707937,707936,707931,707930,707929,707920,707854,707938,706827,706826,566616,706801,566630,566629,566628,566627,566626,566625,566624,566623,570826,570825,566622,566621,566620,566619,566618,566617,706799,566742,449020,449022,449061,449060,449059,449058,449057,449056,449055,449062,449054,564722,564721,564720,564719,564718,449053,449052,564723,449063,449064,449065,449077,449076,449075,449074,449073,566667,566666,566665,566664,566663,449072,449071,449070,449069,449068,449067,449066,449051,449021,449050,449048,712094,712093,712092,712091,712090,712089,712088,712095,564715,706743,712049,712048,712047,712046,712045,449023,706742,712102,712108,449033,449047,449046,449045,712125,712124,564717,449044,449043,449042,449041,449040,449039,449038,449037,564716,712109,449034,449049,707853,702730,702732,565842,565843,566772,564742,564741,564740,564739,565841,566771,566769,566768,566767,566766,566765,566764,566763,566770,568704,565840,565838,570828,563816,570827,565825,565826,565827,565828,565839,565829,565831,565832,565833,565834,565835,565836,565837,565830,568705,568706,568707,565845,565846,565847,565848,565849,565850,565851,565844,565852,565854,565855,565856,565857,565864,565865,565879,565853,568718,702893,568717,568708,568709,568710,564738,564737,568711,568712,568713,564736,564735,568714,702900,702899,702898,702897,568715,568716,570829,570830,570831,570832,563780,563781,563782,563783,563784,563785,563786,570847,563787,563789,563790,563791,563792,563793,563794,570846,563788,570848,570849,570850,563773,563774,563775,563776,563777,563778,563779,570860,570859,570858,570857,570856,570855,570854,570853,570852,570851,570845,565880,563795,563797,570838,570837,565819,565820,565821,565822,565823,570839,565824,570836,570835,570834,563807,563808,563809,570833,563806,570840,570841,570842,563798,563799,563800,563801,443878,443877,443876,443875,563802,563803,563804,443874,443873,443872,563805,570844,570843,563796,565881,708027,708026,444953,444952,444951,444950,444949,444948,444947,444954,444946,444944,444943,568756,568757,568758,568759,568760,444945,568755,568754,568753,566752,566751,566750,566749,566748,566747,566746,566745,566744,566743,702838,702837,702827,702826,568750,568751,568752,568761,566753,568762,568764,444898,444897,444896,444895,702744,702743,702742,444899,568765,568767,568768,568769,568770,568771,702734,702733,568766,444900,444901,444902,702807,702806,702805,702804,702803,702802,702801,444942,444941,444940,444939,444938,444937,444936,702800,702783,702782,568763,702731,566754,566756,702869,702868,702867,702866,568735,568736,568737,702870,568738,568740,568741,568742,568743,568744,568745,568746,568739,702871,702872,702873,568719,568720,568721,568722,568723,568724,568725,568726,568727,568728,568729,568730,568731,568732,445003,568733,568734,444985,566755,444984,444982,708011,444960,444959,444958,566762,566761,566760,444961,566759,566757,444957,444956,444955,568747,568748,568749,566758,444962,444963,444964,444981,444980,444979,444978,444977,444976,444975,444974,444973,444972,444971,444970,444969,444968,444967,444966,444965,444983,707852,707851,707825,564648,564647,568842,568843,568844,568845,568846,564649,564646,568848,568849,568850,568851,568852,568853,568854,568847,568855,564650,564652,564661,564660,564659,564658,564657,443820,564656,564651,564655,564653,446871,446872,446873,446874,446875,446876,564654,568856,568857,568858,564639,564638,564637,564636,568873,568874,568875,564640,568876,443817,380362,380363,568877,568878,568879,568880,443818,443819,568872,568871,568859,564645,564644,564643,564642,564641,568860,568861,568862,568863,568864,568865,568866,568867,568868,568869,568870,564662,564663,564664,564665,447027,447026,447025,447024,447023,447022,447021,447028,447020,447018,447017,447016,447015,447014,447013,447012,447019,447029,447030,711022,564512,564513,564514,711100,711099,711084,711077,711071,711068,711067,711066,711065,711026,711025,711024,377287,711023,447011,380364,447010,447008,564678,564677,564676,446993,564675,564674,564673,564679,564672,564670,564669,564668,564667,446992,446991,564666,564671,446994,446995,446996,447007,447006,447005,447004,447003,447002,564680,447001,443825,443824,443823,443822,443821,447000,446999,446998,446997,447009,380365,568881,568882,564616,564615,564614,568942,568943,568944,568945,564617,568946,568948,568949,568950,568951,446990,446989,446988,568947,564618,568925,568924,564632,564631,564630,564629,564628,564627,564626,564625,564624,564623,564622,564621,568921,568922,564620,564619,568923,446987,564633,446986,446974,710841,710842,710843,710844,446901,446900,446899,710840,446898,446896,446895,446894,446893,446892,446891,446890,446897,710839,446939,446940,446973,378311,378312,378313,378314,378315,446951,446950,446949,446948,446947,446946,446945,446944,446943,446942,446941,446985,564511,568920,568918,568897,568898,568899,568900,568901,568902,568903,568896,568904,711000,568906,710999,710998,568907,568914,568915,568905,711001,711002,568895,568883,568884,568885,568886,568887,568888,568889,568890,568891,568892,377288,377289,377290,377291,711003,568893,568894,710997,568919,710996,710994,564574,564575,564576,564577,564578,564579,564580,564573,443798,443796,443794,443793,710846,710845,564635,564634,443797,564572,564571,564570,710993,710927,568916,568917,446886,446887,446888,446889,380366,380367,710926,564568,564569,710898,710879,710878,710873,710995,564510,564509,564508,570722,570721,570713,570712,570711,570710,570709,570723,570708,570706,570671,570670,570657,570656,570655,570614,570707,570724,570725,570726,706967,706968,706969,706970,706987,566561,566560,566559,566558,707001,707002,566557,570727,566556,566515,566494,566493,570613,706966,570598,570596,570570,707778,707777,707776,707775,707774,707773,570571,707772,564714,707770,707769,707768,707767,707766,448950,707771,570572,570577,570578,570595,570594,570593,570592,570591,570590,570589,570588,570587,570586,570585,570584,570583,570582,570581,570580,570579,570597,699580,711865,706931,570808,570807,570806,570805,570804,570803,570802,570809,570801,570799,570798,570797,711922,570796,570795,570794,570800,570810,570811,570812,707815,707807,707806,707801,570824,570823,570822,570821,707800,570820,570819,570818,570817,570816,570815,570814,570813,570793,706932,570792,570790,570747,706896,711903,711902,711897,706905,706906,570748,706907,706913,706914,706915,706916,706917,706918,706919,706912,570749,570750,570751,570789,570778,570777,570776,570775,570774,570773,570772,570771,570770,570767,570766,570765,570764,570754,570753,570752,570791,563772,699581,699601,564691,564690,564689,448903,564688,564687,564686,568809,564685,564683,564682,564681,568810,568811,568812,568813,564684,568808,568807,568806,564699,568797,568798,568799,564698,564697,564696,568800,568801,568802,568803,568804,568805,564695,564694,564693,564692,568814,564700,568815,568817,568839,568840,568841,447052,447051,447050,447049,568838,447035,447033,447032,447031,564462,564463,564464,564465,447034,568837,568836,568835,568818,568819,568820,568821,568822,568823,568824,568825,568826,568827,568828,568829,568830,568831,568832,568833,568834,568816,699582,568796,564701,699731,699732,699733,699754,699755,699765,699766,699668,448948,448946,448945,448944,448943,448942,448941,448940,448947,699667,448949,699648,699602,699603,699604,699605,699606,699607,699608,699609,699610,699611,699612,699613,699614,699615,699645,699646,699647,448939,568795,448938,448936,443788,380360,380361,443827,443826,564712,564711,443787,564710,564708,564707,564706,564705,564704,564703,564702,564709,443786,443785,444808,448935,448934,448933,448932,448931,699795,699796,699797,699798,699799,448930,448929,448928,448927,448926,564713,444809,448937,450123,563771,563769,442909,442910,442911,442912,442913,442914,442915,442908,442916,442918,442919,442920,442921,442922,569864,569865,442917,569866,442907,442905,700630,700629,700628,700627,700626,700625,700606,442906,700605,569858,569859,569860,569861,569862,569863,442904,700604,569867,442923,442924,569876,569877,569878,569879,569880,569881,569882,569875,569883,569885,569886,569887,569888,703726,703720,703711,569884,569874,569873,569872,442925,442926,442927,442928,442929,442930,442931,442932,442933,442934,442935,442936,569868,569869,442937,569870,569871,700631,700632,700633,700636,714007,710043,710048,710049,710052,710060,710075,449960,700694,569841,569842,569843,713970,449959,569844,569845,700693,449961,449962,449963,449972,449971,569839,569840,700757,700756,700755,449970,449969,449968,449967,449966,449965,710040,710041,710042,449964,442895,703710,442896,442898,705942,705943,705944,705945,705946,700659,700658,700660,700657,705975,705976,705977,705978,700639,700638,700637,700656,700668,700669,569857,442899,442900,442901,442902,442903,569846,569847,569848,569849,569850,569851,569852,569853,569854,569855,710076,569856,442897,449958,449957,449956,443951,443950,443949,443948,443947,443946,443945,443952,443944,565741,565742,565743,565744,565745,565746,565747,565740,443953,566877,566878,569946,569947,569948,569969,569970,569971,569972,569973,569974,443961,443960,443959,443958,443957,443956,443955,443954,566876,569945,566875,566873,565753,570997,570996,570995,570994,570971,570970,565752,570969,570967,570966,570965,698557,698558,698559,698577,570968,565751,565750,565749,566872,443943,443942,443941,443940,443939,443938,443937,566871,566870,566869,566868,566867,443936,443935,443934,443933,566874,449973,569944,566880,703697,703676,703675,703674,569889,569890,569891,703698,569892,569894,569895,569896,569897,569898,569899,569900,569893,703699,703700,703701,449955,449954,449953,449952,449951,449950,713960,713953,713952,713951,713950,713945,713944,449928,449927,703703,703702,569901,566879,569902,569904,569924,569925,569926,566892,566891,566890,566889,569923,569927,569929,569930,569940,569941,569942,566888,569943,569928,566903,569922,569921,569905,569906,569907,569908,569909,569910,569911,569912,569913,569914,569915,569916,569917,569918,566904,569919,569920,569903,698578,449974,714090,562746,450057,562747,562748,562749,562750,562751,562745,562752,562754,562755,562756,450047,442889,442890,442891,562753,442892,562744,450062,450067,450066,450065,450064,450063,562735,562736,450061,709979,562737,562738,562739,562740,562741,562742,562743,709999,442893,442894,450046,562772,562773,562774,562775,562776,562777,562778,562771,562779,562781,562782,562783,562784,450023,450022,450021,562780,562770,562769,562768,450045,450044,562757,562758,562759,562760,450043,450042,450041,450040,562761,562762,562763,562764,562765,562766,562767,450068,450069,450070,709978,450100,450099,450098,450097,450096,450095,450094,450101,450093,450091,450090,450089,450088,450087,450086,450085,450092,450102,450103,450104,450121,450120,562727,562728,562729,562730,562731,562732,562733,562734,450111,450110,450109,450108,450107,450106,450105,450084,450020,450083,709902,709973,709974,709975,709976,709977,450081,450080,709972,450079,450077,450076,450075,450074,450073,450072,450071,450078,448076,448075,448074,709903,571962,448052,448053,569779,569780,448054,448055,448056,448057,448058,448059,709969,709970,709971,448072,448073,450082,562792,450019,450018,705893,705894,562810,562811,705895,705907,705908,705892,562812,569811,569812,569813,569814,569815,449998,569816,700819,705891,705890,705889,700822,700821,700820,705800,705801,705802,705803,705804,705815,705816,705817,705872,705881,705882,705883,705884,705888,569817,700823,569818,569820,714094,700790,700789,700779,700778,569831,569832,714095,569833,569835,569836,714093,569837,714092,569838,714091,569834,714096,714097,714098,569821,569822,569823,569824,569825,569826,569827,714175,714174,714173,569828,714158,714157,569829,569830,714152,714135,569819,714089,700824,569809,569790,569791,569792,569793,569794,569795,569796,569789,569797,569799,569800,569801,569802,569803,569804,569805,569798,569788,569787,569786,450017,450016,450015,450014,450013,450012,450011,450010,450009,450008,450007,569781,710000,569782,569783,569784,569785,710001,569810,705719,705721,705751,705752,705753,705758,705759,705760,705761,705750,710002,705767,705774,705775,705776,569806,569807,569808,705766,705749,705748,705747,705722,705723,705724,705733,705734,705735,705736,705737,705738,705739,705740,705741,705742,705743,705744,705745,705746,705720,698579,698580,698581,570887,570886,570885,570884,570883,570882,570881,570888,570880,570878,570877,570876,570875,564796,564795,564794,570879,564793,570889,570891,564798,564797,570900,570899,570898,570897,570896,570890,570895,570893,570892,698771,698772,698773,698774,698775,570894,564792,564791,564790,563686,563687,563688,563689,563690,563691,563692,563685,563693,564779,564778,564777,563695,563696,563697,563698,563694,563684,563683,563682,563675,563676,563677,564789,563678,563679,563680,564788,564787,564786,564785,564784,564783,564782,564781,564780,563681,563674,563673,563672,570901,570925,570924,570923,570922,570921,570920,698730,570926,698731,698742,570919,563654,563655,563656,563657,563658,698741,570927,570928,563653,563637,563638,563639,563640,563641,563642,563643,563644,563645,563646,563647,563648,563649,563650,570929,563651,563652,563659,563699,563660,563662,570909,570908,570907,570906,564805,564804,563671,570910,564803,564801,564800,564799,570905,570904,570903,570902,564802,570911,564806,570912,570918,570917,570916,563663,563664,563665,563666,570915,563667,563668,563669,564809,570914,564808,563670,564807,570913,563661,563700,563701,563702,563752,568539,568540,568541,568542,568543,568544,563751,568564,568605,568606,568607,568608,568609,568661,568662,568565,563750,563749,568538,564745,564744,564743,563735,563736,563737,563738,563739,563740,563741,563742,563743,563744,563745,563746,563747,563748,568663,564746,568664,568666,570861,563758,563759,563760,568676,568677,568678,570862,568679,563762,563763,563764,563765,563766,563767,563768,563761,570863,570864,570865,568667,568668,568669,568670,568671,568672,568673,568674,568675,563753,563754,563755,563756,563757,570868,570867,570866,568665,563636,563734,570869,564773,564772,564771,564770,564769,564768,564767,564774,564766,564764,564763,564762,564761,564760,564759,564758,564765,563720,563719,563718,563703,563704,563705,563706,563707,563708,563709,563710,563711,563712,563713,563714,563715,564776,564775,563716,563717,564757,563733,564756,566784,563722,563723,563724,563725,563726,563727,563728,563721,563729,570874,570873,570872,570871,570870,563731,563732,563730,564747,564748,564749,566783,566782,566781,566780,566779,566778,566777,566776,566775,566774,566773,564755,564754,564753,564752,564751,564750,566785,563635,563634,566786,565773,565774,565775,565776,565777,565778,565779,565772,565780,565782,565783,565784,565785,565786,565787,565788,565781,565771,565770,565769,564857,564856,443914,712983,712980,712979,565758,565759,565760,565761,565762,565763,565764,565765,565766,565767,565768,565789,564858,565790,565792,566847,566846,566845,566844,566843,566842,566841,566848,566840,566838,566837,566836,566835,566834,566833,566832,566839,566849,566850,566851,565793,565794,566866,566865,566864,566863,566862,566861,566860,566859,566858,566857,566856,566855,566854,566853,566852,565791,566831,713066,713068,443932,443931,443930,443929,443928,443927,443926,565757,443925,443923,443922,443921,443920,443919,443918,443917,443924,565756,570949,570950,698582,698583,698584,698585,698586,698587,698588,698589,698591,698622,698623,698624,570953,570952,565754,565755,570951,443916,713067,570948,570946,563490,563491,563492,713150,713149,713134,713133,563489,713127,713118,713117,713073,713072,713071,713070,713069,713119,570939,570940,698708,570945,443915,563437,563438,563439,563484,563485,563486,563487,563488,564859,570944,570943,570942,570941,698642,698643,570947,563770,566830,563545,570936,563627,563628,563629,563630,563631,563632,570937,563633,564833,564832,564831,564830,564829,564828,564827,564840,570938,563626,563625,563613,563614,563615,563616,563617,563618,563619,563620,563621,563622,563623,563624,565810,565811,565812,565813,565814,564826,563612,564825,564823,565817,565818,566800,566799,566798,566797,566796,565816,566795,566793,566792,566791,566790,566789,488838,566787,566794,565815,564810,564811,570935,570934,570933,570932,570931,570930,564822,564821,564820,564819,564818,564817,564816,564815,564814,564813,564812,564824,563544,563611,563609,566815,566814,566813,566812,566811,566810,566809,566816,566808,566806,566805,566804,566803,566802,566801,565795,566807,566817,566818,566819,563546,563547,563548,712946,566829,566828,566827,566826,566825,566824,566823,566822,566821,566820,563549,563550,563551,565796,563610,565797,565799,563591,563592,563593,563594,563595,563596,563597,563590,563598,563600,563604,563605,563606,563607,563608,565809,563599,563589,565808,565807,443913,443912,565800,565801,565802,565803,565804,565805,563552,563553,563554,563555,712927,712926,712921,712889,565806,565798,696577,488837,696575,644339,644338,596300,596301,596312,596323,596324,596325,596326,644347,596327,596329,596330,596331,596332,596333,596334,596335,596336,596337,596328,644348,644351,419293,644540,644539,644538,644537,644536,596243,596244,596263,644443,419330,419329,419328,419327,419326,419325,419324,419323,419322,419321,419320,419319,596338,644544,596339,596341,596418,596419,596420,596421,596422,596423,596424,596425,596426,596417,596427,596429,596430,596431,596432,596433,596434,596435,596436,596437,596428,596416,596403,596402,596342,596343,596356,596357,596358,596359,596360,596361,596362,596363,596371,596372,596373,596394,596395,596396,596397,596398,596399,596400,596401,596340,596438,644545,644547,645575,645574,645573,645572,645571,645570,645569,645568,645567,645576,645566,645564,645563,645562,645561,645560,645467,645375,645374,645373,645565,645577,645578,645579,595493,595494,595495,595570,595571,595572,595573,645594,645593,645592,645591,645590,645589,645588,645587,645586,645585,645584,645583,645581,645580,645361,644546,645360,596171,644568,644567,644566,644565,644564,644563,644562,644561,644560,644569,644559,644556,644555,644554,644553,644552,644551,644550,644549,644548,644557,596230,596229,596228,596172,596173,596174,596183,596184,596190,596191,596192,596193,596204,596205,596206,596207,596208,596209,596219,596220,596221,596222,596223,596227,596170,596439,596440,596441,597228,597229,597230,597231,597245,597246,597247,597252,597253,642488,597254,642394,642304,597288,642297,642296,642264,597323,597324,597336,597267,642489,642490,642508,643318,643317,597195,597196,597197,597198,597208,597213,597214,597215,597216,597217,642517,642516,642515,642514,642513,642512,642511,642510,642509,597347,643321,597348,597350,597386,597395,597396,597397,597416,597417,597418,597419,597420,597385,597421,597423,597424,597425,597426,597427,597428,597440,597441,597442,597422,597384,597383,597382,597353,597354,597355,597356,597357,597358,597359,597360,597361,597362,597363,597364,597365,597366,597367,597376,597377,597378,597379,597380,597381,597349,643322,396777,396776,596481,596482,596483,596484,596485,596486,596487,596488,596489,596480,596490,596492,596493,596494,596495,596496,596497,596498,596499,596500,596491,596479,596478,596477,596442,596443,596444,596445,596446,596447,596448,596449,596450,596451,596456,596457,596458,596459,596470,596471,596472,596473,596474,596475,596476,596501,596502,596503,596504,643530,643529,643528,643515,396741,396742,396743,396744,643514,643513,643512,396745,396746,396747,396748,396749,396750,396751,643418,396757,396758,643531,595492,643532,643534,596505,596506,596507,596508,596509,596510,596511,596516,596517,596518,596519,643544,643543,643542,643541,643540,643539,643538,643537,643536,643535,643533,595487,595486,595485,647643,647642,647641,647640,647639,647638,647637,647636,647635,647644,647634,647632,647631,647630,647629,647628,647627,647626,647625,647624,647633,594551,594550,594549,594452,594453,594454,594455,594456,594457,594458,594459,594460,594461,594462,594463,594468,594469,594470,594471,594544,594545,594546,594547,594548,647623,594451,647622,647620,395728,395732,395733,647407,647406,395752,395753,595146,595147,395727,595148,595150,595159,595160,595167,595168,595169,595180,595181,595182,595149,395726,395725,395724,647619,647618,647617,647616,647615,647614,647613,647612,647611,647610,647609,647608,647607,647516,395717,395718,395719,395720,395721,395722,395723,647621,594450,594449,594448,594377,594378,594379,594380,594381,594382,594383,594384,594385,594376,594386,594388,594389,594390,594391,594392,594393,594394,594395,594396,594387,594375,594374,594373,594315,594323,594324,594325,648541,648430,648429,594347,594348,594349,594350,594351,594352,648405,648404,648403,594368,594369,594370,594371,594372,594397,594398,594399,594400,594427,594428,594429,594430,594431,594432,594433,594434,594435,594436,594437,594438,594439,594440,594441,594442,594443,594444,594445,594446,594447,594426,595183,594425,594423,594401,594402,594403,594404,594405,594406,594408,594409,594410,594411,594412,594413,594414,594415,594416,594417,594418,594419,594420,594421,594422,594424,597443,595184,420353,595409,595410,595411,595412,595413,595414,595415,595416,595417,595408,595418,595420,595421,595422,595423,595424,595425,595426,595427,595428,595419,595407,595406,595405,595349,595371,595372,595373,595374,595375,595376,595377,595392,595393,595394,595395,595396,595397,595398,595399,595400,595401,595402,595403,595404,595432,595348,595433,595435,595465,595466,595467,595468,595469,595470,595471,595472,595473,595464,595474,595476,595477,595478,595479,595480,595481,595482,595483,595484,595475,595463,595462,595461,595436,595437,595438,595439,595444,595445,595446,595447,595448,595449,595450,595451,595452,595453,595454,595455,595456,595457,595458,595459,595460,595434,595347,595339,595338,595239,595277,595288,646619,646618,646617,646616,646615,646614,420317,646613,646611,646610,646609,646608,646607,646606,646605,646604,646603,646612,595221,595220,420344,420352,420351,595186,595187,595193,595194,595195,595196,595197,595198,595199,595203,595204,595205,595206,420350,420349,420348,420347,420346,420345,646602,646601,646600,646599,595307,595308,595309,595310,595311,595312,595313,595314,595315,595316,595317,595318,595319,595320,595333,595334,595335,595336,595337,646492,646383,595306,595185,595305,595303,646598,646597,646596,646595,646594,646593,646592,646591,646590,646589,646588,646587,646586,646585,646584,646583,595298,595299,595300,595301,595302,595304,594314,597444,597446,636340,636339,636338,636337,636336,636255,636254,636253,636252,636341,636251,636249,636248,636247,636246,636245,636242,636241,636174,636173,636250,636342,636343,636344,416252,416251,416250,416249,416248,416247,416246,416245,416244,416220,416219,416207,416206,636375,636374,636373,636372,636371,636370,636369,636368,636168,416253,636167,636165,600297,600298,600299,600319,600320,600321,600325,600326,600327,600296,600337,600394,600408,600425,600426,600427,600428,600429,600430,600431,600360,600295,600294,600293,636164,636163,636162,636161,636160,636159,636158,636134,636133,636132,636131,636130,636129,636121,636120,636119,600288,600289,600290,600291,600292,636166,600446,416254,416256,599547,599548,599549,599552,599553,599554,599555,599556,599557,599546,599558,599560,599561,599562,599563,599564,599565,599566,599567,599568,599559,599545,599544,599543,599509,599510,599511,599512,599513,599514,599515,599516,599517,599518,599519,599520,599521,599525,599526,599527,599528,599539,599540,599541,599542,599569,416255,599570,599572,637275,637274,637273,637272,637269,637268,637267,637266,637198,637276,637188,637186,637185,637184,637183,637156,637155,637145,637144,637143,637187,637277,637278,637360,599573,599574,599575,599576,599577,599578,637398,637397,637396,637395,637394,637393,637392,637368,637367,637366,637365,637364,637363,637362,637361,599571,600447,600448,600450,635135,635134,600577,600578,600579,600580,600581,600582,600583,635136,600584,600586,600587,600588,600589,635114,635113,635112,635111,635104,600585,635137,635138,635139,635224,635223,635222,600572,600573,635217,635154,635153,635152,635151,635150,635149,635148,635147,635146,635145,635144,635143,635142,635141,635140,635103,635225,600590,600592,634325,634324,634323,634322,634321,398821,398822,398823,398824,634326,634295,634293,634292,634291,634290,634289,634288,634287,634212,634211,634294,634327,398805,398804,635097,635096,635095,600593,600594,600595,600596,600597,600598,600599,600600,398790,398791,398792,398793,398794,398795,398796,398797,398798,398799,600591,635226,635227,635228,600513,600514,600515,600516,600517,600518,600519,600520,600521,600512,600522,635351,635350,635349,635348,635347,635346,635345,635344,635319,600523,600501,600500,600499,600451,600452,600453,600465,600466,600467,600468,600469,600484,600485,600486,600487,600488,600491,600492,600493,600494,600495,600496,600497,600498,635318,635317,635316,635315,600546,600547,600548,600549,600550,600551,600561,600562,600563,600564,600565,600566,600567,600568,600569,600570,600571,635232,635231,635230,635229,600545,599508,600544,600542,635314,635313,635312,600524,600525,600526,600527,600528,600529,600530,600531,600532,600533,600534,600535,600536,600537,600538,600539,600540,600541,600543,599507,599506,599505,598249,598250,598251,598270,598271,598272,640217,640216,640215,598248,598277,598290,598312,598347,598360,598377,598378,598379,598380,598381,598278,640258,640259,640260,641281,641241,641240,640467,640466,640465,640464,640441,640440,598232,598233,598234,598235,598236,598237,598238,598239,598240,598241,640345,640344,598382,641282,598383,598385,598449,598450,598451,598452,598464,598465,598466,598467,598468,598448,598469,598471,598472,598473,598474,598475,598476,598477,598478,598479,598470,598447,598446,598445,598386,598387,598388,598389,598400,598401,598402,598403,598404,598405,598406,598419,598420,598421,598422,598439,598440,598441,598442,598443,598444,598384,641369,641464,641465,597472,597473,597474,597479,597480,597481,597482,597494,597495,597471,597496,597498,597499,597500,597501,597502,597503,597504,597505,597506,597497,597470,597469,597468,597447,597448,597449,597450,597451,597452,597453,597454,597455,597456,597457,597458,597459,597460,597461,597462,597463,597464,597465,597466,597467,597507,597508,597509,597510,597524,597525,597526,597527,597528,418269,597529,597530,597531,597532,597540,597541,597542,597543,641492,641491,641490,641489,641488,641487,641486,597523,598480,597522,597520,597511,597512,597513,597514,418305,418304,418303,418302,418301,418300,418299,418298,418297,418296,418295,418294,597515,597516,597517,597518,597519,597521,597445,598481,598483,599265,599266,599267,599268,599269,599270,599271,599272,599273,599264,599274,599294,599295,599296,599301,599302,599313,599336,599370,599384,599275,599263,599262,638167,638420,638419,638418,638417,638416,638393,638392,638391,638390,638389,638388,638387,638386,638385,638297,638296,638212,638211,638210,638169,638168,599401,397800,599402,599404,599474,599475,599476,599488,599489,599490,599491,599492,599493,599473,599494,599496,599497,599498,599499,599500,599501,599502,599503,599504,599495,599472,599471,599470,599405,599406,599407,599424,599427,599428,599429,599442,599443,599444,599445,599446,599461,599462,599463,599464,599465,599466,599467,599468,599469,599403,397799,397782,397781,598523,598524,598525,598526,598527,598528,598529,598530,598531,598522,598532,598534,598535,598536,598537,598538,598539,598540,598541,598542,598533,598521,598520,598519,598484,598485,598486,598487,598488,598489,598490,598491,598492,598493,598494,598495,598496,598497,598502,598503,598504,598505,598516,598517,598518,598543,598544,598545,598546,417275,417274,417273,417272,417271,417270,417269,639193,639192,639191,417244,397766,397767,397768,397769,397770,397771,397772,397773,397774,397775,417276,598482,417277,417279,598547,598548,598549,598550,598551,598552,598553,598554,598555,639443,639442,639441,639440,639417,639416,639415,639320,639236,639235,417281,417280,417278,594313,594312,594311,591278,591279,591289,591290,591296,591297,591298,591299,591300,591277,591301,591303,393669,393670,393671,393672,393673,393674,393675,393676,591302,591276,591254,591253,591202,591203,591204,591205,591206,591207,591208,591209,591210,591211,591212,591213,591223,591224,591225,591226,591240,591241,591242,591243,591252,393677,591142,393678,393680,591325,591326,591327,591328,591329,591330,591331,591332,591333,591324,591334,591336,591337,591338,591339,591340,591341,591342,393704,393705,591335,591323,591322,591321,393681,393682,393683,393684,591304,591305,591306,591307,591308,591309,591310,591311,591312,591313,591314,591315,591316,591317,591318,591319,591320,393679,591343,591133,591131,655790,655789,655788,655787,655786,655785,655784,655783,655782,655791,655781,655710,655700,655699,655622,655599,655572,655571,655570,655569,655711,655792,655793,655800,655821,655820,655819,655818,655817,655816,655815,655814,655813,655812,655811,655810,655809,655808,655807,655806,655805,655804,655803,655802,655801,655568,591132,591048,591050,591090,591091,591092,591093,591094,591095,591107,591108,591109,591089,591110,591112,591113,591114,591115,591116,591117,591118,591129,591130,591111,591088,591087,591086,591051,591052,591053,591054,591055,591056,591057,591058,591059,591060,591061,591062,591073,591074,591075,591076,591077,591078,591079,591084,591085,591049,591344,591345,591346,423417,423416,423389,653784,653783,653782,653781,653780,653779,423418,653778,653776,653775,653774,653773,653772,653771,653770,653769,653768,653777,423419,423420,423421,591472,591473,591474,591475,591476,591477,591478,591479,654685,654598,654597,654592,654575,654550,654549,654548,654547,654546,654545,423423,423422,653767,654755,653766,653764,653732,653731,653730,653661,653574,653573,653572,653570,653569,653733,653551,653526,653525,653524,653523,653522,653521,592073,592074,592075,653527,653734,653735,653736,653763,653762,653761,653760,653759,653758,653757,653756,653755,653754,653753,653746,653745,653744,653743,653742,653741,653740,653739,653738,653737,653765,654756,654757,654758,591372,591373,591374,591375,591376,591377,591378,591379,591380,591371,591381,591383,591384,591385,591386,591387,591388,591389,591390,591396,591382,591370,591369,591368,591347,591348,591349,591350,591351,591352,591353,591354,591355,591356,591357,591358,591359,591360,591361,591362,591363,591364,591365,591366,591367,591397,591398,591399,591400,654785,654784,654783,654782,654781,654780,654779,654778,654777,654770,654769,654768,654767,654766,654765,654764,654763,654762,654761,654760,654759,654786,655822,654787,654789,591401,591402,591403,654807,654806,654805,654804,654803,654802,654801,654800,654799,654798,654797,654796,654795,654794,654793,654792,654791,654790,654788,655823,655824,655825,590049,657745,657670,590050,590051,590052,590053,590054,590055,657749,657663,590058,590059,590060,590061,590062,590063,590064,590065,590066,590056,657758,657759,590037,657840,657839,657838,657837,657836,657835,657834,657833,657832,590025,590026,590027,590028,590029,590030,590031,590032,590033,590034,590035,590036,590067,657841,590068,590070,590178,590179,590180,590181,590182,590183,590184,590185,590186,590121,590187,590189,590199,590200,590201,590202,590203,590216,590217,590218,590188,590120,590119,590118,590071,657619,657618,657617,657616,590085,590086,590087,590088,590089,590090,590091,590092,590093,590094,590106,590107,590108,590109,590110,590111,590069,657847,657848,657849,658860,658859,658858,658857,658856,658783,658782,392646,392647,658861,392648,658774,658773,658769,392650,392651,392652,392653,392654,392655,392649,658862,658863,658864,658898,658897,658896,658895,658894,658893,658892,658891,658890,658889,658888,658887,658886,658885,658884,658883,658882,658881,658873,658872,658871,392656,392657,392658,392659,657875,657874,657873,657872,657871,657870,657869,657868,657867,657866,657865,657864,657863,657862,657861,657860,657859,657858,657857,657856,657850,657876,590228,657877,658640,392660,392661,392662,392663,392664,392665,392666,392667,392668,392669,392670,392671,392672,392673,392679,658693,658686,658685,658643,658642,658641,657878,592076,590229,590231,656849,656848,656847,656846,656845,656844,656843,656842,656841,656850,656840,656838,656837,656836,656835,656834,424447,424446,424445,424444,656839,656851,656852,424467,590364,590365,590366,590367,590371,590372,590373,590374,590375,590376,590377,590378,590379,590380,656855,656854,656853,424471,424470,424469,424468,424443,590363,424442,424440,590455,656735,656734,656725,656724,656721,656646,656639,656623,590454,656595,656593,656592,655832,655831,655830,655829,655828,655827,655826,656594,590453,590452,590451,656833,656832,590448,590449,590450,656827,656826,656825,656824,656817,656816,656815,656814,656813,656812,656811,656810,656809,656808,656807,424413,424441,590362,590361,590360,590290,590291,590292,590293,590294,590295,590296,590297,590298,590289,590299,590301,590302,590303,590304,590305,590306,590307,590308,590309,590300,590288,590287,590286,590252,590253,590254,590255,590264,590265,590266,590267,590273,590274,590275,590276,590277,590278,590279,590280,590281,590282,590283,590284,590285,590310,590311,590312,590313,590339,590340,590341,590342,590343,590344,590345,590346,590347,590348,590349,590350,590351,590352,590353,590354,590355,590356,590357,590358,590359,590338,590230,590337,590335,590314,590315,590316,590317,590318,590319,590320,590321,590322,590323,590324,590325,590326,590327,590328,590329,590330,590331,590332,590333,590334,590336,592077,592078,592079,593383,593384,593385,593386,593387,593388,593389,593390,593391,593382,593392,593394,593395,650455,650454,650453,650452,650451,650450,650449,593393,593381,593380,593379,593361,593362,593363,593364,593365,593366,593367,593368,593369,593370,593371,593372,593373,650589,650479,650478,593374,593375,593376,593377,593378,593396,593360,593397,593399,593425,593426,593427,593428,593429,593430,593431,593432,593433,593424,593434,593436,593437,593438,593439,593444,593445,593446,593447,593448,593435,593423,593422,593421,593400,593401,593402,593403,593404,593405,593406,593407,593408,593409,593410,593411,593412,593413,593414,593415,593416,593417,593418,593419,593420,593398,593359,593358,593357,650716,650715,650714,650713,650712,650711,650710,650709,650708,593328,650707,650705,650704,650703,650702,650701,650700,650699,650698,650697,650706,593327,593326,593325,593257,593258,593259,593260,593261,593262,593270,593271,593272,593273,593274,593287,593288,593289,593290,593291,593299,593300,593301,593323,593324,650696,650695,650694,650693,650667,650666,650665,650664,650663,650662,650661,650660,593344,593345,593346,593347,593348,593349,593350,593351,593352,593353,593354,593355,593356,650668,593520,650669,650671,650692,650691,650690,650689,650688,650687,650686,650685,650684,650683,650682,650681,650680,650679,650678,650677,650676,650675,650674,650673,650672,650670,593256,593521,593523,594278,594279,594280,594281,594282,594283,594284,594285,594286,594277,594287,594294,594295,594296,594297,648668,648667,648666,648665,648664,594293,594276,594275,594274,594165,594166,594167,594168,594169,594170,594171,594172,594173,594179,594180,594181,594182,594183,594196,594197,594198,594215,594254,594263,594264,648663,594164,648662,648660,648634,648633,648632,648631,648630,648629,648628,648627,648626,648635,648625,648623,648622,648621,648620,648619,648618,648617,648616,594310,648624,648636,648637,648638,648659,648658,648657,648656,648655,648654,648653,648652,648651,648650,648649,648648,648647,648646,648645,648644,648643,648642,648641,648640,648639,648661,594163,594162,594161,649671,649670,649669,649668,649667,649666,649665,649664,649663,649672,649662,649660,649659,649658,649657,649656,649655,649654,649653,649652,649661,649673,649674,649675,593524,593525,593526,593527,649692,649691,649690,649689,649688,649687,649686,649685,649684,649683,649682,649681,649680,649679,649678,649677,649676,649651,649650,649649,649648,421370,421369,421368,421341,594122,594123,594124,594125,594126,594127,594135,594136,594143,594144,594145,594146,594156,594157,594158,594159,594160,421371,593522,421372,421374,649647,649646,649645,649644,649643,649642,649641,649640,649639,649638,649565,649454,649431,649430,649429,649428,649427,649426,421377,421376,421375,421373,634210,593255,593253,592373,592374,592375,652762,652761,652760,652759,652758,652757,592372,652756,652754,652753,652752,652751,652750,652749,652748,652747,652746,652755,592371,592370,592369,592348,592349,592350,592351,592352,592353,592354,592355,592356,592357,592358,592359,592360,592361,592362,592363,592364,592365,592366,592367,592368,652745,592347,652744,652742,652711,652710,652709,652708,652707,652706,592376,592377,592378,652712,592379,592381,592382,592383,592384,592385,592386,592387,592388,592389,592380,652713,652714,652715,652741,652740,652739,652738,652737,652736,652735,652734,652733,652732,652731,652730,652729,652723,652722,652721,652720,652719,652718,652717,652716,652743,592346,592345,592344,592132,592133,592134,592135,592136,592139,592152,592153,592166,592131,592207,592209,592210,592211,592212,592213,592214,592215,592226,592227,592208,592121,592120,592119,592083,592084,592085,592086,592087,592096,592097,592098,592099,592102,592108,592109,592110,592111,592112,592113,592114,592115,592116,592117,592118,592228,592229,592230,592231,592323,592324,592325,592326,592327,592328,592329,592330,592331,592332,592333,592334,592335,592336,592337,592338,592339,592340,592341,592342,592343,592322,592390,592321,592304,592232,592233,592234,592235,592236,592237,592247,592248,592249,592250,592264,592265,592266,592267,592276,592277,592278,592300,592301,592302,592303,592320,593254,592391,592393,651477,651476,651475,651474,651473,651472,394693,394694,394695,651478,394696,394698,394699,394700,394701,394702,394703,394704,394705,394706,394697,651479,651502,651503,651700,651699,651698,651697,651696,651695,651694,651693,651692,651691,651690,651689,651688,651687,651686,651685,651684,651683,651613,651526,651525,394707,651701,394708,394729,593144,593145,593146,593147,593155,593156,593157,593158,593159,593143,593173,593175,593176,593191,593230,593231,593239,593250,593251,593252,593174,593142,593141,593140,593097,593098,593099,593100,593101,593102,593103,593110,593111,593119,593120,593121,593122,593132,593133,593134,593135,593136,593137,593138,593139,394728,651704,651705,651706,592423,592424,652637,652550,652549,652548,652547,652527,592425,592422,592426,652502,652501,652500,652499,652498,652497,652496,592496,592497,652503,592421,592420,592415,592394,592395,592396,592397,592398,592399,592400,592401,592402,592403,592404,592405,592406,592407,592408,592409,592410,592411,592412,592413,592414,592498,592499,592500,592501,651726,651725,651724,651723,651722,651721,651720,422365,651719,651718,651717,651716,651715,651714,651713,651712,651711,651710,651709,651708,651707,651727,592392,651728,651730,592502,592503,422400,422399,422398,422397,422396,422395,422394,422393,422392,651740,651739,651738,651737,651736,651735,651734,651733,651732,651731,651729,658899,634209,634207,617910,617909,617908,617907,617899,617898,617897,617896,617895,617911,617894,617886,617885,617884,617883,617882,617881,617868,617848,617847,617887,617912,617913,617914,402891,402892,402893,402894,402895,402896,402897,402898,402916,402917,402918,402919,617991,617990,617943,617942,617941,617940,617939,617916,617915,617839,402890,617838,617812,408042,408041,408040,408039,408038,408037,408036,408029,408028,408043,408027,408022,408021,408020,408019,408018,408017,408016,408015,408014,408023,408044,408045,408046,617775,617766,617760,617759,617758,617757,617744,617737,617714,617684,617683,617682,617681,617680,617679,617678,408051,408050,408049,408048,408047,617837,616966,402889,402887,607663,607666,607667,607668,607669,607670,607680,607681,607682,607662,607683,607685,607686,607687,607690,607691,607692,607693,607694,607695,607684,607661,607648,607637,618738,618708,618707,618706,618705,618704,618703,618702,607608,607609,607610,607627,607628,607629,607630,607631,607632,607633,607634,607635,607636,607699,402888,607700,607702,607728,607747,607748,607749,607750,607751,607752,607753,607754,607727,607755,607760,607761,607762,607763,607764,607765,607766,607767,402886,607756,607726,607725,607724,607703,607704,607705,607706,607707,607708,607709,607710,607711,607712,607713,607714,607715,607716,607717,607718,607719,607720,607721,607722,607723,607701,616919,616918,616917,608709,608710,608711,608714,608715,608716,608717,608718,608719,608708,608723,608725,608726,608727,608728,608729,608730,608733,608734,608735,608724,608707,608706,608705,608651,608652,608653,608654,608655,608656,608657,608658,608659,608660,608661,608662,608672,608685,608686,608687,608691,608692,608693,608694,608704,608736,608633,608737,608739,608789,608790,608791,615942,615914,615913,615894,615893,615892,608788,615891,615869,615868,615867,615866,615865,615864,615863,615851,615850,615890,608787,608786,608785,608740,608741,608742,608743,608744,608745,608746,608747,608748,608749,608750,608751,608752,608772,608773,608774,608775,608776,608777,608778,608779,608738,608632,608624,608623,616856,608467,608468,608469,608470,616844,616824,616823,608471,616857,608472,608474,608475,616816,616815,616814,616813,608498,616788,616751,608473,616858,616859,616860,616916,616915,616914,616892,616891,616890,616889,616888,616887,616886,616885,616884,616875,616874,616873,616872,616871,616870,616863,616862,616861,616750,608499,616742,616741,616665,616660,616659,616658,616657,616656,616655,616654,608542,608566,608567,608576,608577,608583,608597,608598,608599,608619,608620,608621,608622,616666,607599,616667,616690,616736,616735,608512,608513,608514,608515,608516,608517,608518,616719,616712,608521,608522,608523,608524,608525,608526,608527,608537,608538,608541,616668,607598,607597,607596,620954,620953,620940,620917,620916,620915,606645,606646,620912,620955,620911,620906,620905,620904,606656,606657,606658,620885,620846,620845,620907,620956,620957,620958,606642,606643,606644,621020,621019,621018,621017,621016,621015,621014,621013,620984,620983,620982,620981,620980,620979,620970,620969,620968,620967,606659,606641,606660,620841,606683,606684,606685,620785,620778,620777,620776,620756,620755,606682,620754,620752,620751,606686,606687,606688,606689,606690,606691,606692,620753,606681,606680,606679,620840,620839,620838,620825,620811,606661,606662,606663,606666,606667,606668,606669,606670,606671,606672,606673,606674,606675,606676,606677,606678,620842,606640,606639,606638,401892,401893,401894,401895,621836,621809,621803,621802,621801,621910,621800,621780,621779,621778,606420,606421,606422,606423,606424,606425,621781,621928,621929,621930,621994,621993,621992,621991,401875,621983,621982,621981,621980,621979,621978,621964,621940,621939,621938,621937,621936,621935,621934,621932,621931,606426,606427,606449,606464,606575,606585,606586,606602,606603,606604,606605,606606,606607,606608,606609,606610,606611,606612,606613,606624,606625,621063,621062,621061,606637,606574,606693,606573,606571,606465,606466,606467,606474,606475,606476,606477,606478,606513,606514,606518,606519,606520,606521,606522,606523,606524,606525,606526,606535,606552,606572,615849,606694,606696,607490,607491,607492,607493,607498,607499,607500,607501,607502,607489,618968,618966,618965,618964,618939,618938,618937,618936,618935,618934,618967,607488,607487,619013,619786,619761,619732,619731,619730,619729,619728,619727,619726,607443,607444,607445,607446,607447,607448,607449,607450,607451,607474,619015,619014,618933,619800,618932,618923,618837,618799,607575,618791,618790,618784,618783,618782,618781,607559,618780,618775,618774,618773,618772,618771,618770,618769,618761,607595,618779,618857,618858,618861,618922,618921,618920,618919,618918,618911,618910,618909,618908,618907,618906,618905,607543,618892,618871,618870,607550,607551,607552,618863,618862,618931,619801,619802,619803,606733,606734,606735,606736,606737,606738,606739,606740,606741,606732,606742,620039,620038,620037,409076,409075,409074,409067,409066,409065,606743,606731,606730,606729,606697,606698,606699,606700,606701,606702,606703,606704,606705,606706,606707,606708,606718,606719,606722,606723,606724,606725,606726,606727,606728,409064,409063,409062,409061,619945,619944,619943,619934,619933,619932,619931,619930,619929,619916,619894,619893,619887,619886,619882,619881,619880,619861,619823,619815,619814,619946,606695,619955,619957,409053,409052,409046,409045,409044,409043,409042,409041,619992,619991,619990,619989,619988,409040,409039,409038,619962,619961,619960,619959,619958,619956,622003,615848,615846,612618,612617,612616,612615,612614,612613,612612,612611,612596,612619,612595,612565,612564,612563,612562,612561,610514,610515,610516,610517,612572,612620,612640,612675,612754,612753,612749,612748,612729,612728,612727,612724,612723,612722,612721,612720,612719,612718,612717,612716,612715,612691,612678,612677,612676,610518,612755,610524,610561,610582,611823,611822,611821,611820,611819,611818,611817,611816,611844,611815,611813,611812,611811,611810,611800,611799,611798,611797,611796,611814,611845,611846,611847,610562,610563,610564,610565,610566,610567,610568,610569,610570,610571,610572,610573,610574,610577,610578,610579,610580,610581,611850,611849,611848,610547,611795,612756,612758,405967,405966,405965,405964,405963,405962,612872,612871,612870,405968,612869,612847,612846,612845,612844,612843,612842,612841,612840,612839,612868,405969,405970,405974,613619,613597,613596,613590,613589,613588,613587,613586,613585,406007,406006,406005,406004,405990,405989,405988,405979,405978,405977,405976,405975,612838,612757,612837,612835,612778,612777,612776,612775,612774,612773,612772,612771,612770,612779,612769,612767,612766,612765,612764,612763,612762,612761,612760,612759,612768,612780,612781,612782,612823,612822,612821,612820,612819,612818,612807,612806,612805,612804,612803,612802,612801,612800,612799,612798,612797,612796,612795,612794,612783,612836,611794,611787,611786,610750,610751,610752,610753,610754,610755,610756,610757,610758,610749,610759,610761,610762,610763,610764,610765,610766,610767,610771,610772,610760,610748,610735,610734,610678,610679,610680,610681,610700,610701,610702,610703,610704,610705,610706,610707,610708,610709,610710,610711,610719,610720,610721,610722,610733,610773,610677,610774,610776,610826,404936,404937,404938,404939,404940,404941,404942,404943,610825,404944,404946,404947,404964,404965,404966,404983,404982,404981,404980,404945,610824,610823,610822,610777,610782,610783,610784,610785,610786,610787,610788,610789,610790,610791,610792,610793,610794,610795,610796,610797,610798,610799,610820,610821,610775,610676,610675,610674,611741,611740,611739,611738,611737,611736,611735,611734,611733,611742,611732,611730,611729,611728,611725,611724,611705,611704,611703,611702,611731,611743,611744,611745,611785,611784,611783,611782,611781,611780,611779,611778,611777,611776,611775,611774,611773,611772,611771,611759,611758,611757,611756,611747,611746,611701,611700,611699,611698,611592,611591,611590,611589,611588,611587,611586,611572,611571,611548,611541,611540,611539,611538,610667,610668,610669,610670,610671,610672,610673,611593,613620,611594,611596,611697,611696,611695,611694,611693,611692,611691,610625,610626,610630,611667,611655,611654,611653,611652,611651,611650,611616,610631,610644,611597,611595,613637,613638,613639,614802,614801,614796,614777,614776,614775,614769,614768,614767,614803,614766,614764,614739,614700,614699,614698,614697,614696,614695,614694,614765,614804,614805,614806,614827,614826,614825,614824,614823,614822,614821,614820,614819,614818,614817,614816,614815,614814,614813,614812,614811,614810,614809,614808,614807,614688,614839,614669,614664,403922,403923,403940,403941,403942,403943,609491,609492,609493,403921,609494,609496,609499,609500,403957,403958,403959,609523,609536,609537,609495,403920,403919,403918,614643,614621,614620,614616,614615,614614,614613,614612,614611,614610,614609,614608,614607,614606,403911,403912,403913,403914,403915,403916,403917,614665,614840,614841,614842,615719,615718,615717,615712,615694,615689,615688,615667,615645,615720,615644,615642,615641,615640,615636,615635,615634,615633,615632,615631,615643,615725,615726,615763,615839,615838,615837,615836,615835,615834,615833,615832,615831,615830,615829,615828,615827,615826,615820,615800,615799,615792,615791,615790,615789,615630,407029,407028,407027,406989,406988,614918,614917,614891,614890,614889,614888,614887,614886,614885,614870,614869,614868,614867,614866,614865,614846,614845,614844,614843,406990,609538,406991,406993,407026,407025,407024,407023,407022,407015,407014,407013,407012,407005,407004,407003,407002,407001,407000,406999,406998,406997,406996,406995,406994,406992,615847,609539,609541,613804,613803,613802,613801,613800,613799,613798,613797,613796,613805,613795,613793,613792,613791,613790,613789,613788,613787,613786,613785,613794,613806,609769,609768,609760,609761,609762,609763,609764,609765,613846,613845,613844,613843,613842,613823,613822,613821,613820,613819,613818,613817,613816,609766,609767,613784,609759,613783,613781,609800,609801,609802,613714,613675,613674,613673,613664,609803,609799,609809,609811,609812,609813,609814,613644,613643,613642,613641,613640,609810,609798,609797,609796,613780,613779,613778,613777,609770,609771,609772,613773,613772,613753,613752,609773,609774,609775,613745,613744,613743,613742,613741,613740,613739,613782,609758,613860,613861,609620,609621,609643,609644,609645,609646,609647,609648,609649,609607,609650,609652,609653,609654,609655,609656,609657,609675,609676,609677,609651,609602,609601,609591,609542,609543,609544,609545,609546,609547,609548,609549,609550,609551,609552,609553,609554,609555,609556,609557,609558,609559,609560,609567,609590,609678,609679,609680,609681,609742,609743,609747,609748,609749,609750,609751,609752,609753,613895,613894,613893,613870,613869,613868,613867,613866,613865,613864,613863,613862,609741,609540,609740,609738,609682,609683,609684,609685,609686,609695,609696,609697,609709,609710,609711,609728,609729,609730,609731,609732,609733,609734,609735,609736,609737,609739,622004,622005,622006,630146,630145,630121,630120,630119,630118,630117,630116,630115,630147,630114,630112,630111,630042,630041,630040,630035,630034,630030,630029,630113,630148,630149,630179,630229,630199,630198,630197,630196,630195,630194,630193,630192,630191,630190,630189,630188,630187,630186,630185,630184,630183,630182,630181,630180,630000,630230,399814,399816,629252,629251,629250,629249,629248,629247,629246,629245,629244,629253,629243,629241,629240,629239,629211,629210,629209,629208,629207,629176,629242,629254,629255,399848,399817,629981,629980,629978,629975,629974,399818,399819,399820,399821,399822,399823,399824,399825,399826,399827,399828,399829,399845,399846,399847,399815,629175,630231,630233,602576,602577,602578,602579,602580,602581,602582,602583,602584,602575,602585,602587,602588,602589,602590,602591,602592,602593,602594,602595,602586,602574,602573,602572,602541,602542,602543,602544,602545,602546,602547,602548,602549,602560,602561,602562,602563,602564,602565,602566,602567,602568,602569,602570,602571,602596,630232,602597,602607,602636,602637,602638,602639,602640,602641,602642,602643,602644,602635,602645,602647,630270,630269,630268,630267,630266,630265,630235,630234,602646,602634,602633,602632,602608,602609,602610,602611,602612,602613,602614,602615,602616,602617,602618,602619,602620,602621,602622,602626,602627,602628,602629,602630,602631,602598,629174,629173,629172,603587,603588,603589,603590,603591,603592,603593,603594,603595,603586,603596,603598,603599,603600,603601,603602,603603,603604,603605,603606,603597,603585,603584,603573,603534,603536,603537,603538,603539,603540,603541,603552,603553,603554,603555,603556,603564,603565,603566,603567,603568,603569,603570,603571,603572,603607,603533,603608,603610,628230,628229,628228,628227,603640,603641,603642,603643,603644,628231,603645,603647,603650,603651,603652,603653,603654,603655,603656,603657,603646,603639,603638,603637,603611,603612,603613,603614,603615,603616,603617,603618,603619,603620,603621,603622,603623,603629,603630,603631,603632,603633,603634,603635,603636,603609,603532,603531,603530,629119,629118,629099,629098,629097,629096,629095,629094,629093,629120,629092,629090,629088,629087,629086,413175,413174,413173,413172,413147,629091,629121,629125,629126,629171,629170,629169,629168,629167,629166,629165,629164,629163,629162,629161,629160,629159,629158,629157,629156,629155,629154,629129,629128,629127,413146,413145,413135,413134,603401,603406,603407,603408,603432,603437,603439,603465,603480,603481,603497,603498,603499,603500,603501,603502,603515,603526,603527,603528,603529,603400,602540,603399,603394,413133,629017,629016,629012,629011,629010,629005,628976,628957,628956,628955,628954,628951,628950,628949,603359,603369,603370,603371,603392,603393,603398,602533,602532,602531,633101,633100,633099,601489,601490,601491,601492,601493,633086,633102,601507,601509,633070,633069,633068,633053,633052,601510,633050,633049,601508,633103,633104,633109,601454,601468,601469,601470,601471,601474,601475,601476,601477,633190,633189,633188,633187,633186,633185,633173,633172,633171,633170,633111,633110,633048,601453,601511,601517,601553,601554,601555,601556,601557,601558,601559,601560,601561,601552,601562,601564,601565,601566,601567,601568,601569,601570,601571,601572,601563,601551,601550,601549,601518,601519,601520,601521,601522,601523,601524,601525,601536,601537,601538,601539,601540,601541,601542,601543,601544,601545,601546,601547,601548,601516,601452,601451,601450,634127,634126,634125,634124,634123,634122,634114,634113,634112,415220,634111,634092,634091,634090,415195,634078,634077,634073,634072,634071,634110,634128,634129,634130,634200,634199,634198,634197,634194,634193,415231,415230,415229,415228,415227,415226,415225,415224,415223,415222,415221,634134,634133,634132,634131,415183,415182,415181,601312,633303,633302,633301,633300,633299,633271,633270,633269,633268,633267,633266,633265,633264,633263,633262,633261,633260,633259,633258,633257,601449,633304,601573,601433,601418,601313,601314,601315,601316,601317,601318,601319,601320,601321,601322,601323,601343,601344,601345,601349,601350,601351,601360,601361,601384,601417,601432,603658,601574,601584,631223,631222,631221,631220,631219,631218,631217,631216,631215,631252,631214,631212,631211,631210,631209,631208,631207,631206,631205,631204,631213,631253,631254,631255,602346,602347,602368,602369,602370,414157,602374,602375,602376,631293,631292,631291,631290,631289,602383,602384,602385,602408,631258,631257,631256,602414,602345,602415,602456,602476,602477,602478,602491,602492,602501,602502,602504,602505,602475,602506,602508,602509,602513,602514,602515,602516,602517,602529,602530,602507,602474,602473,630999,602457,631143,631142,631141,631140,631139,631138,631137,631064,631059,631058,631057,631056,631055,631054,631053,631023,631004,631002,631001,631000,602441,602344,414158,414159,601614,601615,601616,601617,601618,601619,601620,601621,601622,601613,601623,632281,632280,632279,632278,632277,632276,632247,632246,632245,601624,601612,601611,601610,601585,601586,601587,601588,601589,601590,601591,601592,601593,601594,601595,601596,601597,601602,601603,601604,601605,601606,601607,601608,601609,632244,632243,632242,632241,632046,632028,632027,632026,632025,632024,414207,414206,414205,414204,414203,414202,414201,414200,414199,414198,414197,414196,602336,414171,414170,632047,601575,632077,632079,632240,632239,632238,632237,632236,632235,632234,632233,632232,632231,632230,632167,632166,632165,632164,632163,632162,632088,632087,632081,632080,632078,603659,603660,603661,605421,605422,624011,623989,623988,623987,623986,623985,623984,605420,623983,623981,623980,623979,623978,623977,623976,623975,623959,623884,623982,605419,605418,624027,624053,624052,624051,624050,624049,624048,624047,624046,624045,624044,624043,624042,624041,624040,624039,624038,624037,624031,624030,624029,624028,605440,624054,605441,605448,605547,605548,605549,605550,605562,605563,605577,605578,605579,605528,605580,605582,605583,605584,605585,605586,605587,605588,605589,605600,605581,605512,605493,605492,605449,605450,605451,605452,605453,605454,623857,623856,623851,623850,623849,623848,623831,623830,623829,623828,605480,605483,605484,605488,605491,605442,624055,624056,624087,625061,625057,625056,625055,625054,625053,625052,625035,625018,625062,625017,625015,625014,625013,625012,625011,625010,625009,625008,625007,625016,625063,625064,625065,625157,625156,625115,625114,625113,625112,625080,625079,625078,625077,625076,625075,625074,625073,625072,625071,625070,625069,625068,625067,625066,625006,625005,625004,625003,411089,411088,411087,411086,411085,624136,624135,624134,624133,624132,605398,605399,605400,605401,605402,605403,605404,624091,624090,624089,624088,411090,605601,411091,411093,625002,625001,625000,624999,624998,624984,624909,624908,624881,624880,624873,624855,624854,624853,624852,411126,411125,411124,411100,411099,411094,411092,625158,605612,605614,623007,623006,623005,623004,623003,622988,622963,622962,622961,623014,622960,622958,622957,622956,622955,622954,622953,622952,622951,622934,622959,623015,623016,623017,623067,623066,623065,623064,623063,623062,623032,623031,623030,623029,623028,623027,623026,623025,623024,623023,623022,623021,623020,623019,623018,622860,623108,622833,622826,622041,622040,622039,622038,622037,401862,401863,401864,401865,622042,401866,401868,401869,401870,401871,401872,401873,401874,622008,622007,401867,622043,622085,622086,622825,622824,622806,622805,622804,622803,410100,410099,410087,410077,410076,410070,410069,410068,410067,410066,410065,410064,410063,410062,622087,622827,623109,623110,623111,605649,605650,605651,605652,605653,605654,605655,605656,605657,605648,605658,605660,605661,605662,605663,605664,605665,605666,605667,605668,605659,605647,605646,605645,605615,605616,605617,605618,605619,605620,605621,605622,605631,605632,605633,605634,605635,605636,605637,605638,605639,605640,605642,605643,605644,605669,605670,605671,605672,605699,605700,605701,605702,605703,605704,605705,605706,605707,605708,605709,605710,605711,605712,605713,605714,605715,605716,605717,605718,623112,605698,605613,605697,605695,605673,605674,605675,605676,605677,605678,605679,605680,605681,605682,605683,605684,605685,605687,605688,605689,605690,605691,605692,605693,605694,605696,634208,625159,604694,627048,627047,627046,627045,627036,627035,627034,627033,626966,627049,626965,626963,626957,626956,626929,626928,626903,626902,626901,626900,626964,627050,627051,627052,627113,627112,627111,627110,627109,627108,627107,627106,627105,627104,627083,627082,627081,627080,627070,627069,627068,627067,627066,627054,627053,412150,627114,412149,412124,604461,604488,604489,604504,604505,626184,626183,626182,626181,604456,626180,604523,604524,604525,604526,604538,604539,604552,604553,604554,604522,604430,604429,604428,412123,412122,412112,412111,412110,412109,604380,604381,604382,604383,604393,604394,604395,604416,604417,604418,604423,604424,604425,604426,604427,412148,627115,627116,627117,628139,628138,628137,628136,628135,628134,628133,628132,628131,628140,628130,603670,603671,628106,628105,628104,628103,628102,628096,628095,628129,628141,628142,628143,603662,603663,603664,603665,603666,603667,603668,603669,628187,628186,628185,628184,628152,628151,628150,628149,628148,628147,628146,628145,628144,628094,628093,628092,628077,627925,627924,627207,627206,627205,627204,627163,627162,627161,627160,627128,627127,627126,627125,627124,627123,627122,627121,627120,627119,627118,627926,626139,627927,627932,628076,628075,628074,628073,628072,628071,628070,628069,628068,628062,628061,628060,627991,627989,627988,627987,627986,627981,627980,627953,627952,627931,625160,626138,626136,604625,604626,604627,604628,604629,604630,604631,604632,604633,604624,604634,604636,604637,604638,604639,604640,604641,604642,604643,604644,604635,604623,604622,604621,625879,625878,625877,400869,400870,400871,625876,604607,604608,604609,604610,604611,604612,604613,604614,604615,604616,604617,604618,604619,604620,604645,625904,604646,604648,604674,604675,604676,604677,604678,604679,604680,604681,604682,604673,604683,604685,604686,604687,604688,604689,604690,604691,604692,604693,604684,604672,604671,604670,604649,604650,604651,604652,604653,604654,604655,604656,604657,604658,604659,604660,604661,604662,604663,604664,604665,604666,604667,604668,604669,604647,625905,400852,400851,626079,626078,626077,604555,604556,604557,604558,604559,604560,626080,604561,604563,604564,604565,626059,626058,626044,626043,626042,626041,604562,626081,626082,626083,626104,626103,626102,626101,626100,626099,626098,626097,626096,626095,626094,626093,626092,626091,626090,626089,626088,626087,626086,626085,626084,626040,626039,626038,626037,604591,604592,604593,604594,604595,604596,604597,604598,400838,400839,400840,400841,400842,400843,400844,400845,400846,400847,400848,400849,400850,604590,626137,604589,604578,626036,626035,626034,626033,626032,626031,626030,626029,626028,626027,626026,626025,626024,626023,626022,604576,626010,626009,626008,625932,604577,604588,696576,658900,589431,684364,684363,684362,684361,684360,684359,684248,684247,684242,684372,684241,684223,577739,577740,577741,577742,577743,577755,577756,577757,684224,684373,684383,684384,684444,684443,684437,684436,684435,684420,684419,684416,684415,684414,684413,684402,684399,684398,684397,684396,684395,684394,684393,684392,684385,577758,684445,577759,577761,577874,577875,577876,577877,577878,577879,577880,577881,577882,577866,577883,577885,577886,577887,577896,577897,577898,577899,577900,577901,577884,577865,577834,577833,577762,577763,577764,577765,577766,577767,577768,577769,577770,577771,577772,577773,577774,577775,577781,577782,577783,577784,577822,577823,577824,577760,577902,684446,684448,577096,577097,577098,577099,577100,577104,577105,577106,577107,577095,577108,577137,577138,577139,577140,577141,577142,577143,685473,685472,577136,577094,577093,577092,577071,577072,577073,577074,577075,577076,577077,577078,577079,577080,577081,577082,577083,577084,577085,577086,577087,577088,577089,577090,577091,685471,684447,685470,685468,685272,685271,685266,685265,685248,685247,384456,384457,384458,685381,384459,384461,384462,384463,384464,384465,384466,384467,384468,684449,384460,685382,685383,685384,685467,685461,685460,685459,685444,685443,685442,685441,685440,685439,685426,685422,685421,685420,685419,685418,685417,685410,685409,685408,685396,685469,577903,577904,577905,578007,578008,578009,578010,578011,578012,578013,578014,578015,578006,578016,578018,578019,578020,578021,578022,578023,578024,578025,578026,578017,578005,578004,578003,577998,436705,436704,436703,436702,436701,436700,436699,436698,436697,436696,436695,436694,436693,436692,436691,436690,577999,578000,578001,578002,578027,577997,578028,578030,578056,578057,578058,578059,578060,578061,578062,578063,578064,578055,578065,578067,578068,578069,578070,578071,578072,578073,578074,578075,578066,578054,578053,578052,578031,578032,578033,578034,578035,578036,578037,578038,578039,578040,578041,578042,578043,578044,578045,578046,578047,578048,578049,578050,578051,578029,577996,577995,577994,436787,436786,436785,436784,436783,436782,577970,577971,577972,436788,577973,577975,577976,577977,577978,577979,577980,577981,577982,577983,577974,436789,436790,436791,577906,577907,577908,577909,577910,577961,577962,577963,577964,577965,577966,577967,577968,577969,436798,436797,436796,436795,436794,436793,436792,436775,436774,436773,436772,436743,436742,436741,436740,436739,436738,577985,436735,436734,436733,436732,577986,577987,577988,436720,436719,577989,577990,577991,577992,577993,436744,577067,436745,436747,436771,436770,436769,436768,436767,436766,436765,436764,436763,436762,436761,436760,436759,436758,436757,436756,436755,436754,436753,436752,577984,436746,577066,577065,577064,686466,686465,686464,686450,576759,686434,686433,686419,576760,686467,686405,686296,686295,686290,686289,686271,576798,576799,576800,576801,686404,686468,686469,686483,576740,576741,576742,576743,576744,576745,576746,576747,576748,576749,576750,576751,576758,686496,686495,686494,686493,686492,686491,686485,686484,576810,576739,576841,576852,576882,576883,576884,576885,576886,576887,576888,576937,576938,576881,576939,576941,576942,576943,576944,576945,576946,576947,576948,576949,576940,576880,576879,576878,576853,576854,576855,576856,576857,576858,576859,576860,576861,576862,576863,576868,576869,576870,576871,576872,576873,576874,576875,576876,576877,576851,576738,576737,576736,576052,576053,576054,576055,576056,576057,576058,576059,576060,576051,576061,576063,576064,576065,576066,576067,576068,576069,576070,576071,576062,576050,576049,576048,576027,576028,576029,576030,576031,576032,576033,576034,576035,576036,576037,576038,576039,576040,576041,576042,576043,576044,576045,576046,576047,576072,576073,576074,576075,687429,687428,687427,687321,687320,687319,687315,687314,687313,687295,576714,576715,576716,576717,576718,576719,576731,576732,576733,576734,576735,687430,576950,687431,687433,576076,576079,576112,576113,576114,576115,576116,576117,576118,687519,687509,687508,687507,687494,687493,687489,687488,687474,687458,687457,687443,687432,578076,576951,576953,577008,437728,437727,437726,437725,437724,437723,577009,577010,577007,437720,437718,437717,437716,437715,437714,577011,577012,577013,577014,437719,577006,577005,577004,576991,576992,576993,576994,576995,576996,576997,576998,576999,577000,577001,437743,437742,437741,437740,437739,437738,437737,437736,577002,577003,577015,576990,577016,577018,577044,577045,577046,577047,577048,577049,577050,577051,577052,577043,577053,577055,577056,577057,577058,577059,577060,577061,577062,577063,577054,577042,577041,577040,577019,577020,577021,577022,577023,577024,577025,577026,577027,577028,577029,577030,577031,577032,577033,577034,577035,577036,577037,577038,577039,577017,437756,437757,437758,576979,576980,576981,576982,576983,576984,437822,437821,437820,576978,437819,437817,437816,437815,437814,437813,437812,437811,437810,437809,437818,576977,576976,576975,576954,576955,576956,576957,576958,576959,576960,576961,576962,576963,576964,576965,576966,576967,576968,576969,576970,576971,576972,576973,576974,437808,437807,437806,437805,437779,437778,437777,437776,437775,576989,437773,437772,437771,437770,437769,437768,437767,437766,437765,437764,437763,437762,437761,437760,437759,437780,576952,437781,437783,576985,576986,576987,576988,437800,437799,437798,437797,437796,437795,437794,437793,437792,437791,437790,437789,437788,437787,437786,437785,437784,437782,576026,578077,578079,680133,680132,680131,680130,680129,680128,680127,680126,680125,680134,680124,680122,680121,680120,434750,434749,434748,434747,434746,434745,680123,680135,680136,680144,680351,680350,680349,680348,680347,680341,680340,680339,680324,680323,680314,680313,680308,680307,680306,680304,680288,680274,680152,680146,680145,434744,680352,434743,434741,434656,434655,434654,434653,434652,434651,434650,434649,434648,434672,434647,434645,434644,434643,434642,679328,679327,679326,679325,679324,434646,434673,434674,434686,434740,434724,434723,434722,434721,434720,434713,434712,434711,434710,434709,434708,434707,434698,434697,434696,434695,434694,434693,434692,434687,434742,679323,680353,579191,579067,579068,579069,579070,579071,579072,579073,579074,579075,579066,579076,579078,579079,579080,579081,579082,579083,579084,579085,579086,579077,579065,579064,579063,579042,579043,579044,579045,579046,579047,579048,579049,579050,579051,579052,579053,579054,579055,579056,579057,579058,579059,579060,579061,579062,579087,579192,579088,579090,579116,579117,579118,579119,579120,579121,579138,579139,579143,579115,579144,579146,579147,579157,579185,579186,579187,579188,579189,579190,579145,579114,579113,579112,579091,579092,579093,579094,579095,579096,579097,579098,579099,579100,579101,579102,579103,579104,579105,579106,579107,579108,579109,579110,579111,579089,679318,679317,679316,580017,580018,580019,580020,580021,580023,580024,580025,580026,580016,580027,580029,580030,580031,580032,580033,580034,580035,580036,580037,580028,580015,580014,580013,579934,579935,579946,579947,579948,579949,579950,579951,579952,579953,579954,579955,579956,579957,579970,579971,579972,579973,580010,580011,580012,580038,579933,580039,580041,580067,580068,580069,580070,580071,580072,580073,580074,580075,580066,580076,580078,580079,580080,580081,580082,580083,580084,580085,580086,580077,580065,580064,580063,580042,580043,580044,580045,580046,580047,580048,580049,580050,580051,580052,580053,580054,580055,580056,580057,580058,580059,580060,580061,580062,580040,579932,579931,579930,679106,679105,679104,679103,679102,679101,679100,679099,679098,679107,679097,579788,579789,579790,579803,579804,579805,579806,579807,579808,679096,679108,679109,679110,679315,679299,679288,679287,679286,679285,679284,679283,679282,679281,679280,679264,679251,679128,679122,679121,679120,679114,679113,679112,679111,579809,579810,579811,579812,386506,386507,386508,386509,386510,386511,386512,386513,386514,386515,386516,386517,386518,579914,579923,579924,579925,579926,579927,579928,579929,386505,579041,386504,579881,579813,579814,579815,579816,579817,579818,579819,579820,579821,579822,579823,579829,579830,579831,579832,579833,579854,579855,579871,579872,579880,386503,579040,579039,579038,682354,682351,682338,682337,682336,682322,682321,682320,682319,682355,682318,682313,682312,682200,682199,682194,682193,682192,682180,682179,682314,682363,682364,682371,578132,578133,578160,578161,578162,578163,578164,578165,578166,578167,682401,682400,682399,682398,682397,682396,682395,682389,682388,682387,682372,682178,578131,682177,682175,385489,385490,385491,435774,435773,435772,435771,435770,435769,385488,435768,435766,435765,435764,435763,435762,435761,435760,435759,385492,435767,385487,578783,578782,682174,682173,682172,682171,682170,682169,682168,385479,385480,385481,385482,385483,385484,385485,385486,578764,578765,578766,578779,578780,578781,682176,578124,578123,578122,578095,683390,683389,683388,683379,683378,578096,578097,683375,578092,683374,683372,683371,683370,683369,683368,683367,683366,683365,683364,683373,683395,683396,683411,578080,578081,578082,578083,578084,578085,578086,578087,578088,578089,578090,578091,683425,683424,683423,683422,683421,683420,683419,683413,683412,683363,683362,683361,683360,683202,683201,683200,683199,683198,683197,683196,683195,683194,683193,578111,578112,578113,578114,578115,578116,578117,578118,578119,578120,578121,683217,578784,683218,683224,683359,683358,683357,683356,683355,683354,683353,683352,683351,683350,683349,578098,578099,578100,683342,683341,683340,683339,683338,683337,683336,683223,578078,578785,578787,578922,578923,578924,578925,578926,578927,578928,578929,578930,578921,578931,578933,578946,578947,578948,578949,578985,578986,578987,578988,578932,578911,578910,578909,681153,681152,681151,681150,681149,681148,681147,681146,681145,681144,578898,578899,578900,578901,578902,578903,578904,578905,578906,578907,578908,578989,681154,578990,578992,579018,579019,579020,579021,579022,579023,579024,579025,579026,579017,579027,579029,579030,579031,579032,579033,579034,579035,579036,579037,579028,579016,579015,579014,578993,578994,578995,578996,578997,578998,578999,579000,579001,579002,579003,579004,579005,579006,579007,579008,579009,579010,579011,579012,579013,578991,681155,681156,681157,435734,435733,578805,578806,578807,578808,578809,435732,435731,435735,435730,435721,435720,435719,435718,435717,435716,435715,435711,435710,435722,435736,435737,435738,578788,385493,578789,578790,578791,578792,578793,578794,435750,435749,435748,435747,435746,578795,578796,578797,578798,578799,435745,435744,435743,435709,435708,435696,435680,681365,681364,681363,681348,681347,681339,681331,681330,681328,681327,681312,681298,681297,681296,681289,681176,681175,681170,681169,681168,681158,681371,578786,681372,681374,435679,435678,435677,435676,435675,435674,435673,435672,435671,435670,435669,435668,435667,435666,578847,578848,578857,578890,681377,681376,681375,681373,576025,576024,576023,573797,573798,573799,573800,573808,573809,573810,573811,573812,573796,573813,573815,573816,573817,573818,573819,573864,573865,573866,573867,573814,573795,573794,573782,573675,573676,573677,573678,573685,573686,573687,573726,573727,573728,573729,573730,573739,573749,573750,573762,573763,573778,573779,573780,573781,573868,573674,573869,573871,440867,440866,440865,573873,573874,573875,573876,440864,440863,440868,440862,440860,440859,440858,573877,573878,573879,573880,573881,573882,440861,440869,440870,440871,573872,440891,440890,440889,440888,440887,440886,440885,440884,440883,440882,440881,440880,440879,440878,440877,440876,440875,440874,440873,440872,573870,573883,573673,573671,572996,572997,572998,572999,573000,573001,573043,693659,693658,572995,693652,693650,693624,693623,693611,693604,693603,693602,693601,693600,693651,572994,694462,694463,572985,694528,694514,694513,694507,694506,694505,694496,572986,572987,572988,572989,572990,572991,572992,572993,694487,694486,694485,694484,694483,693599,573672,693598,693593,573642,573643,573644,573645,573646,573647,573648,573649,573659,573641,573660,573662,573663,573664,573665,573666,573667,573668,573669,573670,573661,693438,693439,693459,693592,693591,693590,693517,693510,693509,693508,693507,693506,693505,693504,693491,693490,693483,693482,693481,693472,693463,693462,693461,693460,693594,573884,573885,573886,440797,573965,573966,573967,692602,692601,692589,692588,692587,440798,573968,573970,573971,573972,573973,692580,692579,692578,692577,692576,573969,440799,440800,440801,573950,573951,573952,573953,573954,573955,573956,573957,573958,573959,573960,573961,573962,573963,573964,692606,440806,440805,440804,440803,440802,440755,573949,440754,440752,573984,692440,692439,692438,692437,382413,382414,382415,382416,692448,692436,692415,692414,573985,573986,573987,573988,573989,573990,573991,692435,382412,382411,382410,692492,573974,573975,573976,573977,692487,692486,692468,692467,692466,573978,573979,573980,573981,573982,573983,692459,692458,692457,382408,382409,440753,573948,573947,692625,440842,440841,440840,440839,573897,573898,573899,573900,573901,440843,573902,573904,573905,440838,573906,573907,573908,573909,573910,573911,573903,440844,440845,440846,440857,440856,573887,573888,573889,573890,573891,573892,573893,573894,573895,440855,440854,440853,440852,440851,440850,573896,440849,440848,440847,573912,573913,573914,573915,440828,573932,573933,573934,573935,573936,573937,573938,573939,573940,573941,573942,573943,573944,573945,573946,692637,692636,692635,692627,692626,440829,572984,440830,440832,573916,573917,573918,573919,573920,573921,573922,573923,573924,573925,573926,573927,440837,573928,573929,573930,573931,440836,440835,440834,440833,440831,572983,572982,572981,441882,441881,441880,441879,441878,441877,441876,441875,441874,441883,441873,441871,441870,441869,441868,441867,441866,441865,441864,441863,441872,441884,441885,441886,441907,441906,441905,441904,441903,441902,441901,441900,441899,441898,441897,441896,441895,441894,441893,441892,441891,441890,441889,441888,441887,441862,441908,441861,572625,572647,572648,572661,572662,572663,441829,441828,441827,441826,572646,441825,441823,441822,441821,572704,572705,572706,572716,572717,572721,441824,572645,572644,572643,572626,572627,572628,441860,572629,572630,441859,441858,441857,441856,441855,441854,441853,572635,572636,572637,572638,572639,572640,572641,572642,572624,441909,441910,441911,571971,571972,571973,571974,571975,571976,571977,571990,571991,571970,571992,571994,572019,572020,381384,381385,381386,381387,381388,381389,571993,571969,696510,696511,696560,696559,696558,696554,696553,696552,696544,571963,571964,571965,571966,571967,571968,696536,696535,696534,696533,696532,696531,696530,696529,381390,381391,381392,381393,695530,695529,695528,695520,695511,695510,695509,695508,695507,695506,695487,695486,572618,572619,572620,572621,572622,572623,441914,441913,441912,695531,572722,695536,695538,695705,695704,695703,695702,695701,695700,695699,695670,695659,695658,695650,695649,695648,695645,695644,695637,695636,695567,695566,695552,695551,695537,382417,572723,572754,572933,572934,572935,572936,572937,572938,572939,572940,572941,572932,572942,572944,572945,572946,572947,572948,572949,694682,694681,694677,572943,572931,572930,572929,572908,572909,572910,572911,572912,572913,572914,572915,572916,572917,572918,572919,572920,572921,572922,572923,572924,572925,572926,572927,572928,694676,572907,694675,572951,694635,694627,694626,694625,694624,694623,694622,694621,694620,694646,694619,572975,572976,572977,694613,694542,694541,572978,572979,572980,694618,694647,572974,572973,572952,572953,572954,572955,572956,572957,572958,572959,572960,572961,572962,572963,572964,572965,572966,572967,572968,572969,572970,572971,572972,572950,572906,572905,572904,572795,572796,572797,572798,572799,572839,572840,572841,572842,572794,572843,572845,572846,572847,572848,572849,572850,572851,572852,572853,572844,572793,441776,441777,572755,572756,572757,572758,572769,572770,572771,572772,572773,572774,572775,572785,572786,572787,572788,572789,572790,572791,572792,441779,441778,572854,572855,572856,572857,572883,572884,572885,572886,572887,572888,572889,572890,572891,572892,572893,572894,572895,572896,572897,572898,572899,572900,572901,572902,572903,572882,572753,572881,572879,572858,572859,572860,572861,572862,572863,572864,572865,572866,572867,572868,572869,572870,572871,572872,572873,572874,572875,572876,572877,572878,572880,382418,573992,573993,575827,575828,575829,575830,575831,575835,575836,575837,575838,575817,383432,383434,383435,383436,383437,383438,383439,383440,383441,575839,383433,575816,575815,575801,575716,575717,575718,575719,575720,575721,575722,575723,575724,575725,575726,575727,575734,575735,575774,575775,575776,575777,575787,575799,575800,383442,575715,383443,575844,688521,688520,688519,575864,575865,688512,688497,688482,688481,688526,688480,688463,688462,688451,688450,688449,688367,688366,688365,688364,688464,688527,688528,688529,575845,575846,575847,575848,575849,575850,575853,575854,575855,575856,575857,575858,575859,575860,575861,575862,575863,688543,688532,688531,688530,575843,575714,575713,575712,575040,575041,575042,575043,575044,575045,575046,575047,575048,575039,575049,575051,575052,575053,575054,575055,575089,575090,575091,575092,575050,575038,575037,575036,575015,575016,575017,575018,575019,575020,575021,575022,575023,575024,575025,575026,575027,575028,575029,575030,575031,575032,575033,575034,575035,575093,689567,689555,689554,689370,689369,689368,689367,689366,689365,689364,689363,689343,689342,575690,575691,575692,575693,575694,575695,575707,575708,575709,575710,575711,689371,688363,689372,689374,689553,689552,689551,689550,689549,689548,689547,689546,689545,689544,689536,689521,689505,689504,689474,689473,689392,689387,689386,689385,689375,689373,575014,688345,688343,575957,575958,575959,575960,438741,438740,438739,575961,575962,575956,575963,575965,575966,575967,575968,575969,575970,575971,575972,575973,575964,575955,438748,438749,438791,438790,438789,438788,438787,438786,438785,438784,438783,438782,438781,438780,438760,438759,438758,438757,438756,575954,438752,438751,438750,575974,438792,575975,575977,576003,576004,576005,576006,576007,576008,576009,576010,576011,576002,576012,576014,576015,576016,576017,576018,576019,576020,576021,576022,576013,576001,576000,575999,575978,575979,575980,575981,575982,575983,575984,575985,575986,575987,575988,575989,575990,575991,575992,575993,575994,575995,575996,575997,575998,575976,438793,438794,438795,575932,575933,575934,575935,575936,575937,575938,575939,575940,575931,575941,575943,575944,575945,575946,575947,575948,575949,575950,575951,575942,575930,575929,575928,688342,688341,688340,688339,688338,688319,575913,575914,575915,575916,575917,575918,575919,575920,575921,575922,575923,575924,575925,575926,575927,575952,575953,438845,438844,438816,438815,438814,438813,438812,438811,438810,438809,438808,438807,438806,438805,438804,438803,438802,438801,438800,438799,438798,438797,438796,438817,688344,438818,438820,438843,438842,438841,438840,438839,438838,438837,438836,438835,438834,438833,438832,438831,438830,438829,438828,438825,438824,438823,438822,438821,438819,580087,575013,575011,574780,574781,574782,574783,574784,574788,574789,574790,574792,574779,574793,574804,574805,574806,574813,574814,574819,574820,574821,574822,574803,574778,574777,574776,574692,574693,574694,574695,574696,574697,574698,574699,574700,574701,574702,574710,574711,574750,574751,574752,574753,574754,574763,574774,574775,574823,574691,574824,574831,574902,574903,574904,574905,574906,574907,574908,574909,574910,574901,574911,574913,574914,574915,574916,574917,574918,690591,690590,690579,574912,574900,574899,574898,574832,574833,574834,574835,574836,574837,574838,574839,574840,574841,574842,574888,574889,574890,574891,574892,574893,574894,574895,574896,574897,574825,574690,574689,574688,574019,574020,574021,574022,574023,574024,574025,574026,574027,574018,574028,574030,574065,574066,574067,574068,691614,691613,691612,691603,574029,574017,574016,574015,573994,573995,573996,573997,573998,573999,574000,574001,574002,574003,574004,574005,574006,574007,574008,574009,574010,574011,574012,574013,574014,691602,691601,691583,691582,691417,691416,691415,691414,691413,691412,691411,691391,691390,574665,574666,574667,574668,574669,574670,574671,574683,574684,574685,574686,574687,691418,690578,691419,691421,691581,691580,691579,691568,691567,691566,691565,691555,691554,691553,691552,691467,691466,691465,691464,691443,691442,691435,691434,691433,691423,691420,575012,690577,574920,439782,439781,439780,439779,439778,439777,439776,574954,574955,439783,439775,439773,439772,574956,574957,574958,574959,574960,574961,574962,439774,574953,574952,574951,439810,439809,439808,439807,439806,439805,439804,690367,690366,574939,574940,574941,574942,574943,574944,574945,574946,574947,574948,574949,574950,574963,439811,574964,574966,574991,574992,574993,574994,574995,574996,574997,574998,574999,574990,575000,575002,575003,575004,575005,575006,575007,575008,575009,575010,575001,574989,574988,574987,574967,574968,574969,574970,574971,574972,574973,574974,574975,439729,574976,574977,574978,574979,574980,574981,574982,574983,574984,574985,574986,574965,439812,690387,690388,439861,439860,439859,439858,439857,439856,439855,439854,439853,439862,439852,690418,690417,690416,574935,574936,574937,574938,690411,690410,439851,439863,439864,439865,574921,574922,574923,574924,574925,574926,574927,574928,690559,690544,574929,574930,574931,574932,574933,574934,690530,690529,690528,439867,439866,690409,439850,439849,439848,690399,439822,439821,439820,439819,439818,690398,690397,690396,690395,690394,690393,690392,690391,439817,439816,439815,439814,439813,690390,690389,439823,574919,439824,439826,439847,439846,439845,439844,439843,439842,439841,439840,439839,439838,439837,439836,439835,439834,439833,439832,439831,439830,439829,439828,439827,439825,658901,580088,580090,586210,586211,586212,586213,586214,586215,586216,586217,586218,586209,586219,586221,586222,586223,586224,586225,586226,586227,586228,586229,586220,586208,586207,586206,586185,586186,586187,586188,586189,586190,586191,586192,586193,586194,586195,586196,586197,586198,586199,586200,586201,586202,586203,586204,586205,586230,586184,586231,586233,586259,586260,586261,586262,586263,586264,586265,586266,586267,586258,586268,586270,586271,586272,586273,586274,586275,586276,586277,586278,586269,586257,586256,586255,586234,586235,586236,586237,586238,586239,586240,586241,586242,586243,586244,586245,586246,586247,586248,586249,586250,586251,586252,586253,586254,586232,586279,586183,586181,586051,586055,586056,586057,586058,586077,586078,586079,586080,586050,586081,586083,586084,586085,586086,586088,586089,586090,586091,586092,586082,586049,586048,586047,585996,586002,390628,390629,390630,586003,586004,586005,586006,586007,586008,586009,586010,586020,586021,586036,586037,586043,586044,586045,586046,586093,586182,586094,586096,586155,586156,586157,586158,586159,586166,586167,586168,586169,586154,586170,586172,586173,586174,586175,586176,586177,586178,586179,586180,586171,586143,586142,586139,586097,586098,586099,586100,586101,586103,586104,586105,586106,586107,586108,586109,586110,586111,586117,586118,586119,586120,586136,586137,586138,586095,586280,586281,586282,663755,663754,663753,663752,663751,663750,663749,586955,586956,663756,586957,586959,586960,586961,586976,586977,586978,586979,586980,586981,586958,663757,663758,663759,663951,663944,663943,663942,663941,663940,663939,663904,663898,663897,663890,663812,663811,663802,663801,663800,663792,663763,663762,663761,663760,586982,663952,586983,586985,587075,587076,587077,587078,587079,587103,587104,587105,587106,587060,587107,587109,587110,587111,587112,587113,587114,587115,587116,587117,587108,587059,587058,587057,586986,586987,586988,586989,586990,586991,586992,586993,586994,586995,586999,587000,587018,587019,587020,587029,587030,587031,587032,587033,587045,586984,663953,663962,663963,664973,664970,664969,664968,664967,664966,664963,664962,664928,664974,664927,664923,664922,664914,664913,664836,664835,664834,664826,664825,664924,664975,664976,664987,586283,586284,586285,586286,586287,586315,586316,586317,586327,665015,665014,665013,665012,665006,665005,665004,665003,586355,586356,586357,586358,664824,664817,664816,664793,427541,427540,427539,427538,427537,427527,427526,427525,427524,427519,427511,427510,427485,427484,663991,663990,663989,663982,663981,663980,663979,427542,585995,427543,427545,664792,664791,664790,664789,664788,664787,664786,664785,664784,664783,664782,664781,664780,664779,664778,664777,664776,664775,664774,427547,427546,427544,585994,390627,390626,585183,585184,585185,585186,585187,585188,585189,585190,585191,585182,585192,585194,585195,585196,585197,585198,585199,585200,585201,585202,585193,585181,585180,585179,585158,585159,585160,585161,585162,585163,585164,585165,585166,585167,585168,585169,585170,585171,585172,585173,585174,585175,585176,585177,585178,585203,585157,585204,585206,585232,585233,585234,585235,585236,585237,585238,585239,585240,585231,585241,585243,585244,585245,585246,585247,585248,585249,585250,585251,585242,585230,585229,585228,585207,585208,585209,585210,585211,585212,585213,585214,585215,585216,585217,585218,585219,585220,585221,585222,585223,585224,585225,585226,585227,585205,585156,585155,585154,585055,585056,585057,585058,585059,585060,585061,585066,585067,585054,585068,585070,585071,585072,585073,585074,585075,585076,585077,585078,585069,585053,585052,585035,584971,584972,584973,584976,584977,584978,584979,584986,584987,584988,584997,585014,585015,585016,585017,585018,585019,585021,585032,585033,585034,585079,585080,585081,585082,585127,585128,585129,585130,585131,585132,585133,585134,585135,585142,585143,585144,585145,585146,585147,585148,585149,585150,585151,585152,585153,585126,585252,585125,585123,585083,585084,585085,585086,585087,585090,585091,585092,585093,585094,585095,585113,585114,585115,585116,585117,585118,585119,585120,585121,585122,585124,587118,585253,585255,665840,665818,665817,665816,665815,665814,665813,665812,665811,665849,665810,665808,665807,665806,665805,665804,665803,665802,665801,665800,665809,665850,665851,665858,666030,666029,666028,666027,666012,665998,665997,665996,665995,665994,665993,665986,665972,665971,665951,665950,665949,665948,665937,665860,665859,665799,666031,665798,585931,585976,390598,390599,390600,390601,390602,390603,390604,390605,585971,390606,390608,390609,390610,390611,390612,390613,390614,390624,390625,390607,585970,585969,585968,585932,585933,585934,585935,585951,585952,585953,585954,585955,585956,585957,585958,585959,585960,585961,585962,585963,585964,585965,585966,585967,665797,666036,666037,666038,667010,667009,666996,666995,666994,666993,585290,585291,585292,667018,666975,666973,666961,666884,666883,666882,666877,666876,666875,666864,666974,667019,667020,667021,585256,585257,585258,667063,667062,667061,667060,667059,667058,667057,667056,667055,667054,667053,667052,585259,585260,585261,585262,585263,667037,585302,585303,666843,666842,585335,428571,428570,428569,428568,428567,428566,428565,428564,428563,428562,428551,428550,428549,428548,428535,428534,428533,428509,428508,666039,585334,585254,585333,585331,666841,666840,666839,666838,666837,666836,666835,666834,666833,666832,666831,666829,666828,666827,666826,666825,666824,666823,666822,666821,666820,585332,584970,587119,587121,660740,660732,660731,660691,660690,660689,660688,660687,660678,660818,660677,659923,659922,659921,659920,659919,659918,659917,659916,659915,660676,660822,660823,660824,660937,660936,660935,660920,660919,660918,660910,660909,660908,660907,660906,660886,660885,660884,660883,660882,660881,660831,660827,660826,660825,659914,660938,659913,659911,589010,659710,659709,659708,589011,589026,589027,589028,589029,589009,589030,589032,589033,659667,659666,659665,659664,589034,589035,589036,589031,589008,589007,589006,659910,659909,659896,659895,659887,659886,659885,659884,659883,659882,659807,659803,659799,659798,589002,589003,589004,659794,659793,659717,589005,659912,589037,660939,660941,588284,588285,588286,588287,588288,588289,588290,588291,588292,588283,588293,588295,588296,588297,588298,588299,588300,588301,588302,588303,588294,588282,588281,588280,588259,588260,588261,588262,588263,588264,588265,588266,588267,588268,588269,588270,588271,588272,588273,588274,588275,588276,588277,588278,588279,588304,660940,588305,588307,588333,588334,588335,588364,588365,588366,588367,588368,588369,588332,588370,588375,588401,588402,588403,588404,588405,588406,660943,660942,588374,588331,588330,588329,588308,588309,588310,588311,588312,588313,588314,588315,588316,588317,588318,588319,588320,588321,588322,588323,588324,588325,588326,588327,588328,588306,589038,589039,589040,589301,589302,589303,589304,589305,589306,589307,589308,589309,589300,589310,589312,589313,589314,589315,589316,589317,589318,589319,589320,589311,425437,589299,589298,589281,589282,589283,589284,589285,589286,425471,425470,589287,589288,589289,589290,425464,425463,589291,589292,589293,589294,589295,589296,589297,589321,589280,589322,589324,589351,589352,589353,589354,589355,589356,589357,589358,589359,589350,589394,589396,589397,589424,589425,589426,589427,589428,589429,589430,589395,589349,589348,589347,589325,589326,589327,589328,589329,589330,589331,589332,589333,589334,589335,589336,589337,589338,589339,589340,589341,589342,589343,589345,589346,589323,589279,589278,589277,589103,589126,589154,589155,589156,589157,589158,589159,589160,589099,589161,589163,589164,589165,589177,589178,589179,589180,589191,589192,589162,589098,589097,589096,589041,589042,589043,589044,589045,589046,589047,589062,589063,589067,589068,589069,589070,589088,589089,589090,589091,589092,589093,589094,589095,589193,589205,589206,589207,589263,589264,589265,589266,589267,589268,589269,425497,425496,425495,425494,425493,425492,425491,589270,589271,589272,589273,589274,589275,589276,589262,588258,589261,589259,589228,589229,589230,589231,589238,589239,589240,589241,589242,589243,589244,589245,589250,589251,589252,589253,589254,589255,589256,589257,589258,589260,588257,588256,588255,587293,587294,587295,587296,587297,587298,587299,587300,587301,587292,587302,587304,587305,587306,587307,587308,587309,587310,587311,587339,587303,587291,587290,587289,587268,587269,587270,587271,587272,587273,587274,587275,587276,587277,587278,587279,587280,587281,587282,587283,587284,587285,587286,587287,587288,587340,587267,587341,662966,662872,662866,662788,662778,662777,662768,662739,662738,662737,662873,662736,662734,662733,662728,662727,662726,662725,662724,391622,391623,662735,662874,662875,662879,662958,662957,662956,662955,662954,587342,587343,587344,587350,587351,662937,662936,662935,662929,662928,587377,587378,587379,587380,587381,587382,662967,587266,587265,587264,587194,587195,587196,587197,587198,587199,587200,587201,587202,587193,587203,587205,587206,587207,587208,587209,587210,587211,587212,587213,587204,587192,587191,587190,587122,587123,587128,587129,587130,587131,587132,587133,587134,587135,587142,587143,587144,587158,587159,587160,587161,587180,587181,587182,587183,587214,587215,587216,587217,587243,587244,587245,587246,587247,587248,587249,587250,587251,587252,587253,587254,587255,587256,587257,587258,587259,587260,587261,587262,587263,587242,391624,587241,587239,587218,587219,587220,587221,587222,587223,587224,587225,587226,587227,587228,587229,587230,587231,587232,587233,587234,587235,587236,587237,587238,587240,587120,391625,391627,588131,588132,588133,588134,588135,588136,588137,588138,588139,588130,588140,588142,588153,588154,588155,588156,588157,588158,588167,588168,588141,588129,588103,588102,588012,588013,588014,588015,588016,588017,588018,588019,588022,588023,588039,588043,588044,588045,588055,588069,588070,588071,588080,588081,588082,588181,588011,588182,588184,588235,588236,588237,588238,588239,588240,588241,588242,588243,588234,588244,588246,588247,588248,588249,588250,588251,588252,588253,588254,588245,588233,588232,588231,588204,588205,588206,588207,588214,588215,588216,588217,588218,588219,588220,588221,588222,588223,588224,588225,588226,588227,588228,588229,588230,588183,588010,588009,588008,661963,661962,661944,661943,661942,661934,661933,661932,661931,661964,661930,661910,661909,661908,661907,661906,661905,661904,661855,661851,661911,661965,661966,391655,391628,391629,391630,391631,391632,391633,391634,391635,391636,391637,391638,391639,391640,391647,391648,391649,391650,391651,391652,391653,391654,661850,661849,661848,661842,587986,426488,426487,426486,661715,661714,661713,661712,661711,661710,661703,661702,661701,661700,588002,588003,426461,588004,588005,588006,588007,587985,391626,587984,587982,426523,426522,426521,426520,426519,426518,426517,426516,426515,426514,661764,661755,426503,426502,426501,661754,661753,426495,661744,587980,587981,587983,584952,584946,584945,581855,581856,581858,581859,581860,581861,581862,581863,581864,581854,581865,581867,581868,581869,581870,581871,581878,581879,581880,581881,581866,581853,581852,581851,675024,675019,675018,675017,675016,675015,675014,675009,675008,675007,675006,675005,675004,675003,675002,581835,581836,581837,581838,581849,581850,674205,675025,674204,674178,673983,673982,673981,673980,673979,673978,581963,581964,581978,673984,581979,581981,581982,581983,581995,581996,581997,581998,581999,582000,581980,581927,673991,673992,581900,581901,581902,581903,674163,674162,674141,581904,674128,674027,674026,674025,674024,581919,674003,674002,674001,674000,673995,673994,673993,674179,582001,675026,675037,581167,581168,581194,581206,581235,581236,581237,581238,581239,581166,581240,387527,387528,387529,387530,387531,387532,387533,387534,432666,387526,581165,581164,581163,581142,581143,581144,581145,581146,581147,581148,581149,581150,581151,581152,581153,581154,581155,581156,581157,581158,581159,581160,581161,581162,432665,675027,432664,432662,432599,432598,432597,432596,675229,675228,675203,675202,675187,432600,675186,675166,675153,675152,675048,675042,675041,675040,675039,675038,675185,432601,432602,432603,387535,387536,387537,387538,387539,387540,387541,387542,432647,432646,432645,432644,387553,387554,432628,432627,432608,432607,432606,432605,432604,432663,582002,582003,582004,582179,582180,582181,582182,582183,582184,582185,582186,582187,582178,582188,582190,582191,582192,582218,582230,582260,582261,582262,582263,582189,582177,582176,582175,582154,582155,582156,582157,582158,582159,582160,582161,582162,582163,582164,582165,582166,582167,582168,582169,582170,582171,582172,582173,582174,582264,582153,431642,431640,673004,673003,673002,672979,672978,672977,672976,672971,672970,673104,672969,672967,672959,672958,672957,672956,672955,672157,672156,672131,672968,673117,431576,431577,431639,431638,431637,431623,431622,431621,431620,673181,673180,673155,673154,673139,431605,431604,673138,431583,431582,431581,431580,431579,431578,431641,582152,582151,582150,582080,582081,582082,582083,582084,582085,582086,582087,582088,582079,582089,582091,582092,582093,582094,582095,582096,582097,582098,582099,582090,582078,582077,582076,582005,582017,582018,582019,582020,582021,582022,582023,582058,582059,582060,582061,582062,582063,582064,582065,582071,582072,582073,582074,582075,582100,582101,582102,582103,582129,582130,582131,582132,582133,582134,582135,582136,582137,582138,582139,582140,582141,582142,582143,582144,582145,582146,582147,582148,582149,582128,581141,582127,582125,582104,582105,582106,582107,582108,582109,582110,582111,582112,582113,582114,582115,582116,582117,582118,582119,582120,582121,582122,582123,582124,582126,581140,581139,581138,433668,433651,433650,433649,433632,433631,433630,433629,433628,433669,433627,433625,433624,433623,433622,433621,433620,433619,677279,677278,433626,433670,433671,433672,580181,580210,580211,580212,580213,580214,580215,580216,433726,433725,433724,433723,433722,433721,433720,433689,433688,433687,433686,433685,433673,677277,580170,677276,677251,677055,677054,677053,677052,677051,677050,677049,580812,580813,677056,580814,580827,580828,580829,580830,580831,580832,580835,580836,580837,580826,677057,677058,677061,677250,677236,677235,677234,677233,677232,677202,677094,677093,677092,677083,677082,677074,677073,677072,677067,677066,677065,677064,677063,677062,677275,580169,678072,678073,580116,580117,580118,580119,580120,580121,580122,580123,580124,580115,580125,580127,580128,678304,678303,678302,678301,678300,678299,678292,580126,580114,580113,580112,580091,580092,580093,580094,580095,580096,580097,580098,580099,580100,580101,580102,580103,580104,580105,580106,580107,580108,580109,580110,580111,678275,678274,580129,580130,678098,678097,678096,678091,678090,678089,678088,678087,678086,678085,678084,678083,678082,678081,678080,678079,678078,678077,678076,678075,678074,678105,580838,678118,678227,580131,580132,580133,580134,580135,580136,580137,580138,678263,678262,678261,678260,678259,678258,678257,678256,580139,580140,580141,580142,580143,678226,672130,580839,580841,581069,581070,581071,581072,581073,581074,581075,581076,581077,581068,581078,581080,581081,581082,581083,581084,581085,581086,581087,581088,581079,581067,581066,581065,581041,581042,581043,581047,581048,581049,581050,581051,581052,581053,581054,581055,581056,581057,581058,581059,581060,581061,581062,581063,581064,581089,581040,581090,581092,581118,581119,581120,581121,581122,581123,581124,581125,581126,581117,581127,581129,581130,581131,581132,581133,581134,581135,581136,581137,581128,581116,581115,581114,581093,581094,581095,581096,581097,581098,581099,581100,581101,581102,581103,581104,581105,581106,581107,581108,581109,581110,581111,581112,581113,581091,581039,581038,581037,580953,580954,580955,580956,580957,580958,580959,580971,580972,580952,580973,580975,580976,580977,580978,580979,580980,580981,676255,676254,580974,580951,580950,580949,580842,580843,580844,580845,580846,580847,580853,580854,580855,580856,580857,580876,580877,580878,580879,580895,580896,580903,580904,580938,580939,676253,676252,676251,676227,676050,676049,676048,676043,676042,676041,676040,676039,676038,676033,676032,676031,676030,676029,676028,676027,676026,676025,581034,581035,581036,676051,580840,676059,676061,676226,580994,580995,580996,580997,676211,676210,676209,676191,580998,676178,676177,676071,676070,676069,676068,676067,676066,676065,676064,676062,676060,672116,672115,672094,584156,584157,584158,584159,584160,584161,584162,584163,584164,584155,584165,584167,584168,584169,584170,584171,584172,584173,584174,584175,584166,584154,584153,584152,584131,584132,584133,584134,584135,584136,584137,584138,584139,584140,584141,584142,584143,584144,584145,584146,584147,584148,584149,584150,584151,584176,584130,584177,584179,584205,584206,584207,584208,584209,584210,584211,584212,584213,584204,584214,584216,584217,584218,584219,584220,584221,584222,584223,584224,584215,584203,584202,584201,584180,584181,584182,584183,584184,584185,584186,584187,584188,584189,584190,584191,584192,584193,584194,584195,584196,584197,584198,584199,584200,584178,584129,584128,584127,583966,583973,584010,584011,584027,584028,584029,584030,584031,583965,584032,584034,584035,584042,584043,584044,584045,584046,584047,584048,584033,583964,583954,583953,583908,583909,583910,583911,583912,583913,583914,583915,583916,583917,583918,583919,583920,583921,583928,583947,583948,583949,583950,583951,583952,584049,584050,584051,584052,584101,584102,584103,584104,584105,584106,584107,584108,584109,584110,584111,584112,584118,584119,584120,584121,584122,584123,584124,584125,584126,584100,584225,584099,584097,584053,584054,584055,584056,584057,584058,584062,584063,584065,584066,584067,584068,584069,584070,584071,584091,584092,584093,584094,584095,584096,584098,583907,584226,584228,668061,668045,668044,668043,668042,668034,668033,668020,668019,668076,668018,668016,667985,667908,667907,667906,667902,667901,667900,667868,668017,668077,668078,668079,668880,668875,668874,668873,668872,668871,668870,668869,668868,429534,429533,429532,668867,668866,668086,668085,668084,668083,668082,668081,668080,667867,668881,667866,667864,584925,584926,584927,584928,584929,584930,584931,584932,584933,584924,584934,584936,584937,584938,584939,584940,584941,584942,584943,584944,584935,584911,584910,584909,667863,667862,667861,667860,667859,667858,667857,667856,667852,667851,667850,667849,667848,667847,667846,667845,667844,667843,584906,584907,584908,667865,668882,668883,668884,669066,669058,669057,584266,584267,669045,669044,669040,669039,669067,584279,389574,389575,389576,389577,389578,389579,389580,389581,389582,669009,669068,669069,669085,584229,584230,584231,584232,584233,584234,584235,584236,584237,584238,584239,669109,669108,669107,669106,669105,669104,669103,669102,669101,669086,389583,389584,389585,389586,429572,584309,584310,584311,668893,389601,389602,389603,389604,389605,668892,668891,668890,429559,429558,429557,668889,668888,668887,668886,668885,429573,584227,429574,584308,429595,429594,429593,429592,429591,429590,668932,668931,668930,429589,429588,429587,429586,389587,389588,389589,389590,668928,668927,668926,668925,429575,580089,583906,583904,583094,583095,583096,583097,583098,583099,583100,583101,583102,583089,583103,583105,583106,583107,583108,583109,583110,583111,583112,583113,583104,583088,583087,583086,583025,583026,583027,583028,583029,583030,583031,583032,583041,583042,583043,583044,583045,583046,583047,583080,583081,583082,583083,583084,583085,583114,583021,583115,583117,583143,583144,583145,583146,583147,583148,583149,583150,583151,583142,583152,583154,583155,583156,583157,583158,583159,583160,583161,583162,583153,583141,583140,583139,583118,583119,583120,583121,583122,583123,583124,583125,583126,583127,583128,583129,583130,583131,583132,583133,583134,583135,583136,583137,583138,583116,583020,583019,583008,671982,671981,582861,582862,582872,582873,582874,582875,582876,388579,671964,671962,671961,671960,671959,582877,671957,671956,671955,671954,671963,388578,388577,388566,672093,582858,582859,582860,388550,388551,388552,388553,672080,388554,388555,388556,388557,388558,388559,388560,388561,388562,388563,388564,388565,671953,671952,671947,671946,582903,582904,582924,582925,582926,582927,582928,582929,582941,582942,582943,582950,582951,582986,582987,582988,583003,583004,583005,583006,583007,582895,583163,582894,582892,671945,671944,671943,582878,582879,582880,582881,582882,582883,582884,582885,671934,671933,671932,671931,582886,582887,582888,582889,582890,582891,582893,583905,583164,583166,670918,670917,561717,670132,670131,670130,670129,670128,670127,670919,670126,670110,670109,670093,670092,670091,670090,670082,670081,670069,670125,670920,670921,670922,670979,670978,670977,670976,670959,670942,670941,670940,670939,670938,670937,670936,670935,670934,670933,670932,670931,670930,670929,670928,670923,670068,430553,670063,670032,669897,669896,669895,669894,669893,669892,669891,669890,583882,669898,583883,583885,583886,583897,583898,583899,583900,583901,583902,583903,583884,669899,669905,669906,669956,669955,669954,669953,669952,669951,669950,669920,669919,669918,669917,669916,669915,669914,669913,669912,669911,669910,669909,669908,669907,670033,430555,430556,430557,583192,583193,583194,583195,583196,583197,583198,583199,583200,583191,583201,583203,583204,583205,583206,583207,583208,583209,583210,583211,583202,583190,583189,583188,583167,583168,583169,583170,583171,583172,583173,583174,583175,583176,583177,583178,583179,583180,583181,583182,583183,583184,583185,583186,583187,583212,583213,583214,583215,430612,430611,671085,671084,671083,671077,671076,671075,671074,671073,671072,430599,430598,430597,430596,671057,671056,430582,430581,430580,430558,430613,583165,430614,671092,583242,583243,583255,583284,583285,583286,583287,671154,671153,671152,671151,671150,671134,671133,671116,671115,430619,430618,430617,430616,671106,430615,561716,566788,561714,473648,473649,473650,473651,473652,473653,473654,473655,473656,473657,473658,473659,473660,473661,473662,473647,473663,473646,473644,473611,473612,473613,473614,473615,473616,473617,473618,473619,473620,473621,473622,473623,473624,473625,473645,473610,473664,473666,526570,526569,526568,526567,526566,526565,526564,526563,526562,526561,526560,525971,525961,525960,525959,526571,473665,526572,526574,473667,473668,473669,473670,473671,473672,473673,473674,473675,473676,473677,473678,473679,526583,526575,526573,525958,473609,473607,473554,473555,473556,473557,473558,473559,473560,473561,473562,473563,473564,473565,473566,473567,473568,473553,473569,473552,473550,473535,473536,473537,473538,473539,473540,473541,473542,473543,473544,473545,473546,473547,473548,473549,473551,473608,473570,473572,473592,473593,473594,473595,473596,473597,473598,473599,473600,473601,473602,473603,473604,473605,473606,473591,473571,473590,473588,473573,473574,473575,473576,473577,473578,473579,473580,473581,473582,473583,473584,473585,473586,473587,473589,525957,525956,525955,525838,525837,525836,525835,525834,525833,525832,525831,525830,525829,525828,525827,525826,525825,525824,525839,525823,525840,525842,525857,525856,525855,525854,525853,525852,525851,525850,525849,525848,525847,525846,525845,525844,525843,525841,525858,525822,525820,525800,525799,525798,525797,525796,525795,525794,525793,525792,525791,525790,525789,525788,525787,525786,525801,525821,525802,525804,525819,525818,525817,525816,525815,525814,525813,525812,525811,525810,525809,525808,525807,525806,525805,525803,525859,525860,525861,525915,525914,525913,525912,525911,525910,525909,525908,525907,525906,525905,525904,525903,525902,525901,525916,525900,525917,525919,525954,525953,525952,525951,525950,525949,525948,525945,525944,525931,525930,525929,525928,525927,525926,525918,525899,525898,525897,525876,525875,525874,525873,525872,525871,525870,525869,525868,525867,525866,525865,525864,525863,525862,525877,525878,525879,525880,525896,525895,525894,525893,525892,525891,525890,473534,525889,525887,525886,525885,525884,525883,525882,525881,525888,473533,473532,473531,526892,526891,526890,526889,526888,526887,526886,526885,526884,526883,526882,526881,526880,526879,526878,526893,526877,362955,526894,526907,526906,526905,526904,526903,526902,526901,526900,362964,362963,526899,526898,526897,526896,526895,362956,526908,526876,526874,526854,526853,526852,526851,526850,526849,526848,526847,526846,526845,526844,526843,526842,526841,526840,526855,526875,526856,526858,526873,526872,526871,526870,526869,526868,526867,526866,526865,526864,526863,526862,526861,526860,526859,526857,526909,526910,526911,526982,526981,526980,526979,526978,526977,526976,526975,526974,526973,526955,526954,526953,526952,526951,526983,526950,526984,526996,771488,771489,473300,473301,473302,473303,473304,473305,473306,473307,473308,473309,473310,526998,526997,526995,526949,526948,526947,526926,526925,526924,526923,526922,526921,526920,526919,526918,526917,526916,526915,526914,526913,526912,526927,526928,526929,526930,526946,526945,526944,526943,526942,526941,526940,526839,526939,526937,526936,526935,526934,526933,526932,526931,526938,525785,526838,526836,526739,526738,526737,526736,526735,526734,526733,526732,526731,526730,526729,526728,526727,526726,526725,526740,526724,526741,526743,526758,526757,526756,526755,526754,526753,526752,526751,526750,526749,526748,526747,526746,526745,526744,526742,526759,526723,526721,526701,526700,526699,526698,526697,526696,526695,526694,526693,526692,473516,473517,526628,526627,526626,526702,526722,526703,473508,526720,526719,526718,526717,526716,526715,526714,526713,526712,526707,526706,526705,473505,473506,473507,526704,526760,526761,526762,526816,526815,526814,526813,526812,526811,526810,526809,526808,526807,526806,526805,526804,526803,526802,526817,526801,526818,526820,526835,526834,526833,526832,526831,526830,526829,526828,526827,526826,526825,526824,526823,526822,526821,526819,526800,526799,526798,526777,526776,526775,526774,526773,526772,526771,526770,526769,526768,526767,526766,526765,526764,526763,526778,526779,526780,526781,526797,526796,526795,526794,526793,526792,526791,526837,526790,526788,526787,526786,526785,526784,526783,526782,526789,527584,525784,525782,474556,474557,474558,474559,474560,474561,474562,474563,474564,474565,474566,474567,474568,474569,474570,474555,474571,474554,524683,524698,524697,524696,524695,524694,524693,524692,524691,524690,524689,524688,524687,524686,524685,524684,524682,524699,474572,474574,474594,474595,474596,524681,524680,524679,524678,524677,524676,524675,524674,474597,474598,474599,474600,474593,474573,474592,474590,474575,474576,474577,474578,474579,474580,474581,474582,474583,474584,474585,474586,474587,474588,474589,474591,474601,524700,524702,524753,524752,524751,524750,524749,524748,524747,524746,524745,524744,524743,524742,524741,474529,474530,524754,524740,524755,524757,524772,524771,524770,524769,524768,524767,524766,524765,524764,524763,524762,524761,524760,524759,524758,524756,524701,524739,524737,524717,524716,524715,524714,524713,524712,524711,524710,524709,524708,524707,524706,524705,524704,524703,524718,524738,524719,524721,524736,524735,524734,524733,524732,524731,524730,524729,524728,524727,524726,524725,524724,524723,524722,524720,474602,474603,474604,474693,474694,474695,474696,474697,474698,474699,474700,474701,474702,474703,524580,524579,524578,524577,474692,524576,474691,474689,474674,474675,474676,474677,474678,474679,474680,474681,474682,474683,474684,474685,474686,474687,474688,474690,474673,524558,524556,524524,524523,524522,524521,524520,524519,524518,524517,524516,524515,524514,524513,524512,523920,523919,524525,524557,524526,524528,524555,524554,524553,524552,524551,524550,524549,524548,524547,524546,524545,524544,524543,524536,524535,524527,474672,474671,474670,474624,474625,474626,474627,474628,474629,474630,474631,474632,474633,524673,524672,524671,524670,524669,474623,524668,474622,474620,474605,474606,474607,474608,474609,474610,474611,474612,474613,474614,474615,474616,474617,474618,474619,474621,524667,524666,474634,474650,524656,524655,524654,524653,524652,524651,524650,524649,524648,524647,524646,524645,474668,474669,474649,474648,474647,474646,474635,474636,474637,474638,524665,524664,524659,524773,524658,474639,474640,474641,474642,474643,474644,474645,524657,524774,524775,524776,525681,525680,525679,525678,525677,525676,525675,525674,525673,525672,525671,525670,525669,525605,525604,525682,525603,525683,525689,525704,525703,525702,525701,525700,525699,525698,525697,525696,525695,525694,525693,525692,525691,525690,525688,525705,525602,525581,525543,525542,525541,525540,525539,525538,525537,525536,474324,474325,474326,474327,474328,474329,474330,525544,525582,525545,525547,525580,525579,525575,525574,525573,525572,525571,525570,525569,525560,525559,525551,525550,525549,525548,525546,525706,525707,525708,525762,525761,525760,525759,525758,525757,525756,525755,525754,525753,525752,525751,525750,525749,525748,525763,525747,525764,525766,525781,525780,525779,525778,525777,525776,525775,525774,525773,525772,525771,525770,525769,525768,525767,525765,525746,525745,525744,525723,525722,525721,525720,525719,525718,525717,525716,525715,525714,525713,525712,525711,525710,525709,525724,525725,525726,525727,525743,525742,525741,525740,525739,525738,525737,474331,525736,525734,525733,525732,525731,525730,525729,525728,525735,525783,474332,474334,524829,524828,524827,524826,524825,524824,524823,524822,524821,524820,524819,524818,524817,524816,524815,524830,524814,524831,524833,524848,524847,524846,524845,524844,524843,524842,524841,524840,524839,524838,524837,524836,524835,524834,524832,524849,524813,524811,524791,524790,524789,524788,524787,524786,524785,524784,524783,524782,524781,524780,524779,524778,524777,524792,524812,524793,524795,524810,524809,524808,524807,524806,524805,524804,524803,524802,524801,524800,524799,524798,524797,524796,524794,524850,524851,524852,524920,524919,524918,524916,524915,524908,524907,524906,524905,524904,524903,524895,524894,524893,524892,524921,524891,524922,524925,524947,524946,524938,524937,524936,524935,524934,524933,524932,524931,524930,524929,524928,524927,524926,524924,524890,524889,524888,524867,524866,524865,524864,524863,524862,524861,524860,524859,524858,524857,524856,524855,524854,524853,524868,524869,524870,524871,524887,524886,524885,524884,524883,524882,524881,474333,524880,524878,524877,524876,524875,524874,524873,524872,524879,527585,527586,527587,529793,529792,529791,529790,529789,529788,529787,529786,529785,529784,529783,529782,529781,529780,529779,529794,529778,529795,529797,529812,529811,529810,529809,529808,529807,529806,529805,529804,529803,529802,529801,529800,529799,529798,529796,529813,529777,529775,529645,529644,529643,529642,529641,529640,529639,529638,529637,529636,529635,529634,529633,529632,529631,529646,529776,529647,529651,529774,529773,529772,529771,529770,529769,529768,529767,529766,529765,529764,529699,529698,529653,529652,529648,768412,529814,529816,529869,529868,529867,529866,529865,529864,529863,529862,529861,529860,529859,529858,529857,529856,529855,529870,529854,529871,529873,529888,529887,529886,529885,529884,529883,529882,529881,529880,529879,529878,529877,529876,529875,529874,529872,529815,529853,529851,529831,529830,529829,529828,529827,529826,529825,529824,529823,529822,529821,529820,529819,529818,529817,529832,529852,529833,529835,529850,529849,529848,529847,529846,529845,529844,529843,529842,529841,529840,529839,529838,529837,529836,529834,768413,768416,768433,528929,528928,528927,528926,528925,528924,528923,528922,528921,528920,528919,528918,528917,528916,528915,528930,528914,528931,528933,528948,528947,528946,528945,528944,528943,528942,528941,528940,528939,528938,528937,528936,528935,528934,528932,528949,528913,528911,528891,528890,528889,528888,528887,528886,528885,528884,528883,528882,528881,528880,528879,528878,528877,528892,528912,528893,528895,528910,528909,528908,528907,528906,528905,528904,528903,528902,528901,528900,528899,528898,528897,528896,528894,528950,528951,528952,529027,529026,529025,529024,529023,529001,529000,528999,528998,528997,528996,528995,528994,528993,528992,529028,528991,529029,529031,768443,768444,472276,472277,472278,472279,472280,472281,472282,472283,472284,472285,529047,529046,529045,529030,528990,528989,528988,528967,528966,528965,528964,528963,528962,528961,528960,528959,528958,528957,528956,528955,528954,528953,528968,528969,528970,528971,528987,528986,528985,528984,528983,528982,528981,529889,528980,528978,528977,528976,528975,528974,528973,528972,528979,529890,529891,529892,530790,530789,530788,471605,471606,471607,471608,471609,471610,471611,471612,471613,471614,471615,471616,471604,471617,471603,471601,530800,530799,530798,530797,530796,530795,530794,530793,530792,530791,471596,471597,471598,471599,471600,471602,530801,471618,471620,530669,530668,530667,530666,530665,530664,530663,530662,530661,530660,530659,530658,530657,530656,530655,530670,471619,530671,530673,471621,471622,471623,471624,471625,471626,471627,471628,471629,471630,530723,530722,530676,530675,530674,530672,530802,530803,530804,471555,471556,471557,471558,530835,530834,530833,530832,530831,471559,471560,471561,471562,471563,471564,471554,471565,471553,471551,530836,471537,471538,471539,471540,471541,471542,471543,471544,471545,471546,471547,471548,471549,471550,471552,471566,471567,471568,530819,530818,530817,530816,530815,530814,530813,530812,530811,530810,530809,530808,530807,530806,530805,530820,471577,471576,471575,530830,530829,530828,530827,530826,530825,530824,767387,530823,530821,471569,471570,471571,471572,471573,471574,530822,528876,767388,767393,529945,529944,529943,529942,529941,529940,529939,529938,529937,529936,529935,529934,529933,529932,529931,529946,529930,529947,529949,529964,529963,529962,529961,529960,529959,529958,529957,529956,529955,529954,529953,529952,529951,529950,529948,529965,529929,529927,529907,529906,529905,529904,529903,529902,529901,529900,529899,529898,529897,529896,529895,529894,529893,529908,529928,529909,529911,529926,529925,529924,529923,529922,529921,529920,529919,529918,529917,529916,529915,529914,529913,529912,529910,529966,529967,529968,530022,530021,530020,530019,530018,530017,530016,530015,530014,530013,530012,530011,530010,530009,530008,530023,530007,530024,530047,767408,767409,767418,767419,767420,530071,530070,530055,530054,530053,530052,530051,530050,530049,530048,530025,530006,530005,530004,529983,529982,529981,529980,529979,529978,529977,529976,529975,529974,529973,529972,529971,529970,529969,529984,529985,529986,529987,530003,530002,530001,530000,529999,529998,529997,767392,529996,529994,529993,529992,529991,529990,529989,529988,529995,528875,528874,528873,527907,527906,527905,527904,527903,527902,527901,527900,527899,527898,527897,527896,527895,527894,527893,527908,527892,527909,527911,527926,527925,527924,527923,527922,527921,527920,527919,527918,527917,527916,527915,527914,527913,527912,527910,527927,527891,527889,527869,527868,527867,527866,527865,527864,527863,527862,527861,527860,527859,527858,527857,527856,527855,527870,527890,527871,527873,527888,527887,527886,527885,527884,527883,527882,527881,527880,527879,527878,527877,527876,527875,527874,527872,527928,527929,527930,528003,528002,528001,528000,527999,527998,527978,527977,527976,527975,527974,527973,527972,527971,527970,528004,527969,528005,528007,528609,528608,528607,770464,770465,528023,528022,528021,528020,770485,770486,770487,770488,770489,770490,528006,527968,527967,527966,527945,527944,527943,527942,527941,527940,527939,527938,527937,527936,527935,527934,527933,527932,527931,527946,527947,527948,527949,527965,527964,527963,527962,527961,527960,527959,527854,527958,527956,527955,527954,527953,527952,527951,527950,527957,528610,527853,527851,527754,527753,527752,527751,527750,527749,527748,527747,527746,527745,527744,527743,527742,527741,527740,527755,527739,527756,527758,527773,527772,527771,527770,527769,527768,527767,527766,527765,527764,527763,527762,527761,527760,527759,527757,527774,527738,527736,527651,527607,527606,527599,527598,527597,527596,527595,527594,527593,527592,527591,527590,527589,527588,527652,527737,527716,527718,527735,527734,527731,527730,527729,527728,527727,527726,527725,527724,527723,527722,527721,527720,527719,527717,527775,527776,527777,527831,527830,527829,527828,527827,527826,527825,527824,527823,527822,527821,527820,527819,527818,527817,527832,527816,527833,527835,527850,527849,527848,527847,527846,527845,527844,527843,527842,527841,527840,527839,527838,527837,527836,527834,527815,527814,527813,527792,527791,527790,527789,527788,527787,527786,527785,527784,527783,527782,527781,527780,527779,527778,527793,527794,527795,527796,527812,527811,527810,527809,527808,527807,527806,527852,527805,527803,527802,527801,527800,527799,527798,527797,527804,523918,528611,528613,528790,528789,528788,528787,528786,528785,528784,528783,528782,528781,528780,528779,472507,472508,472509,472494,472510,472493,472491,528803,528802,528801,528800,472489,472490,528799,528798,528797,528796,528795,528794,528793,528792,528791,472492,528804,472511,472513,769441,472526,472527,472528,472529,472530,472531,472532,472533,472534,472535,472536,472537,472538,472539,769440,472512,769439,472525,472514,472515,472516,472517,472518,472519,472520,472521,472522,528778,528777,528776,769437,472523,472524,769438,528805,528806,528807,528853,528852,528851,528850,528849,528848,528847,528846,528845,528844,528843,528842,528841,528840,528839,528854,528838,528855,528857,528872,528871,528870,528869,528868,528867,528866,528865,528864,528863,528862,528861,528860,528859,528858,528856,528837,528836,528835,528820,528819,528818,528817,528816,528815,528814,528813,528812,528811,528810,528809,528808,472487,472488,528821,528822,528823,528824,528834,472481,472482,472483,472484,472485,472486,472540,528833,528831,528830,528829,528828,528827,528826,528825,528832,528612,472541,528774,528742,528741,528740,472620,472621,472622,472623,472624,472625,472626,472627,472628,472629,472630,472631,528743,472632,528744,472601,472586,472587,472588,472589,472590,472591,472592,472593,472594,472595,472596,472597,472598,472599,472600,528745,472585,472633,472635,472653,561715,472655,528630,528629,528623,528622,528621,528620,528619,528618,528617,528616,528615,528614,472652,472634,472651,472649,528676,528675,472636,472637,472638,472639,472640,472641,472642,472643,472644,472645,472646,472647,472648,472650,472584,528746,528747,528765,528764,528763,528762,528761,528760,769458,769459,472553,472554,472555,472556,472557,472558,472559,528766,472560,528767,472552,528773,528772,528771,528770,528769,472542,472543,472544,472545,472546,472547,472548,472549,472550,472551,528768,769466,472561,472562,472583,769467,769468,528759,528758,528757,528756,528755,528754,528753,528752,528751,528750,528749,528748,472582,472581,472580,472579,472563,472564,472565,472566,472567,472568,472569,528775,472570,472572,472573,472574,472575,472576,472577,472578,472571,523917,523916,523915,476752,476753,519814,519813,519812,519811,519810,519809,519808,519807,519806,519805,519804,519803,519802,476751,519801,476750,476748,476733,476734,476735,476736,476737,476738,476739,476740,476741,476742,476743,476744,476745,476746,476747,476749,476732,519800,519798,519764,519763,519762,519761,519760,519759,519758,519757,519756,519755,519754,519753,519752,519751,519750,519765,519799,519766,519768,519797,519796,519795,519794,519793,519792,519791,519790,519789,519788,519787,519786,519785,519770,519769,519767,519749,476731,476729,476662,476663,476664,476665,476666,476667,476668,476669,476670,476671,476672,476673,476674,476675,476676,476661,476677,476660,476658,476643,476644,476645,476646,476647,476648,476649,476650,476651,476652,476653,476654,476655,476656,476657,476659,476730,476678,476680,476697,476698,476716,476717,476718,476719,476720,476721,476722,476723,476724,476725,476726,476727,476728,476696,476679,476695,476693,476681,476682,520419,520418,520417,476683,476684,476685,476686,476687,476688,476689,476690,476691,476692,476694,519748,519747,519746,519651,519650,519649,519648,519647,519646,519645,519644,519643,519642,519641,519640,519639,519638,519637,519652,519636,519653,519655,519668,519667,519666,519665,360916,519664,519663,519662,519661,519660,519659,519658,519657,360907,519656,519654,519669,519635,519633,519613,519612,519611,519610,519609,519608,519607,519606,519605,519604,519603,519602,519601,519600,519599,519614,519634,519615,519617,519632,519631,519630,519629,519628,519627,519626,519625,519624,519623,519622,519621,519620,519619,519618,519616,519670,519671,519672,519726,519725,519724,519723,519722,519721,519720,519719,519718,519717,519716,519715,519714,519713,519712,519727,519711,519728,519730,519745,519744,519743,519742,519741,519740,519739,519738,519737,519736,519735,519734,519733,519732,519731,519729,519710,519709,519708,519687,519686,519685,519684,519683,519682,519681,519680,519679,519678,519677,519676,519675,519674,519673,519688,519689,519690,519691,519707,519706,519705,519704,519703,519702,519701,476642,519700,519698,519697,519696,519695,519694,519693,519692,519699,476641,476640,476639,520673,520672,520671,520670,520669,520668,520667,520666,520665,520664,520663,520662,520661,520660,520659,520674,520658,520675,520677,520692,520691,520690,520689,520688,520687,520686,520685,520684,520683,520682,520681,520680,520679,520678,520676,520693,520657,520655,520635,520634,520633,520632,520631,520630,520629,520628,520627,520626,520625,520624,520623,520622,520621,520636,520656,520637,520639,520654,520653,520652,520651,520650,520649,520648,520647,520646,520645,520644,520643,520642,520641,520640,520638,520694,520695,520696,520750,520749,520748,520747,520746,520745,520744,520743,520742,520741,520740,520739,520738,520737,520736,520751,520735,520752,520754,476377,476378,476379,476380,476381,476382,476383,520762,520761,520760,520759,520758,520757,520756,520755,520753,520734,520733,520732,520711,520710,520709,520708,520707,520706,520705,520704,520703,520702,520701,520700,520699,520698,520697,520712,520713,520714,520715,520731,520730,520729,520728,520727,520726,520725,520620,520724,520722,520721,520720,520719,520718,520717,520716,520723,519598,520619,520617,476595,476596,476597,476598,476599,476600,476601,476602,476603,476604,476605,476606,476607,476608,476609,476594,476610,476593,520437,476576,476577,476578,520468,520467,520466,520465,520464,520463,520443,520442,520441,520440,520439,520438,476592,520469,476611,476613,476624,476625,476626,476627,476628,476629,476630,476631,476632,476633,476634,476635,476636,476637,476638,476623,476612,476622,476620,476614,476615,476616,520436,520435,520434,520433,520432,520423,520422,520421,520420,476617,476618,476619,476621,520470,520471,520472,520597,520596,520595,520594,520593,520592,520591,520590,520589,520588,520587,520586,520584,520583,520582,520598,520581,520599,520601,520616,520615,520614,520613,520612,520611,520610,520609,520608,520607,520606,520605,520604,520603,520602,520600,520580,520573,520572,520558,520557,520556,520555,520554,520553,520552,520551,520550,520478,520477,520476,520475,520474,520473,520559,520560,520561,520562,520571,520570,520569,520568,520567,520566,520565,520618,520564,476536,476537,476538,476539,476540,476541,476542,520563,519597,519596,519595,477679,477680,477681,477682,477683,477684,477685,477686,477687,477688,477689,477690,477691,477692,477693,477678,477694,477677,477675,477660,477661,477662,477663,477664,477665,477666,477667,477668,477669,477670,477671,477672,477673,477674,477676,477659,477695,477697,477717,477718,477719,477720,477721,477722,477740,477741,477742,477743,477744,477745,477746,477747,477748,477716,477696,477715,477713,477698,477699,477700,477701,477702,477703,477704,477705,477706,477707,477708,477709,477710,477711,477712,477714,477658,477657,477656,518371,518370,518369,477559,477560,477561,477562,477563,477564,477565,477566,477600,477601,477602,477616,518372,477617,518373,518375,518522,518521,518520,518519,518518,518517,518516,518515,518514,518415,518414,518396,518395,518394,518393,518374,477618,477619,477620,477641,477642,477643,477644,477645,477646,477647,477648,477649,477650,477651,477652,477653,477654,477655,477640,477639,477638,477637,477621,477622,477623,477624,477625,477626,477627,477749,477628,477630,477631,477632,477633,477634,477635,477636,477629,518523,477750,477752,517683,517682,517681,517680,517679,517678,517677,517676,517675,517674,517673,517672,517671,517670,517669,517684,517668,517685,517687,517697,517696,517695,517694,517693,517692,517691,477797,477798,477799,477800,477801,517690,517689,517688,517686,517698,517667,517665,517645,517644,517643,517642,517641,517640,517639,517638,517637,517636,517635,517634,517633,517632,517631,517646,517666,517647,517649,517664,517663,517662,517661,517660,517659,517658,517657,517656,517655,517654,517653,517652,517651,517650,517648,517699,517700,517701,477772,477773,517765,517764,517763,517762,517761,517760,517759,517758,517757,517754,517753,517752,517751,477771,517750,477770,477768,477753,477754,477755,477756,477757,477758,477759,477760,477761,477762,477763,477764,477765,477766,477767,477769,517749,517748,477774,517716,517715,517714,517713,517712,517711,517710,517709,517708,517707,517706,517705,517704,517703,517702,517717,517718,517719,517720,477775,477776,477777,517747,517746,517745,517744,477751,517743,517741,517740,517739,517738,517737,517736,517721,517742,476376,518524,518539,518736,518735,518734,518733,518732,518731,518730,518729,518728,518727,518726,518725,518724,518723,518722,518737,518721,518738,518740,518769,518768,518767,518766,518765,518764,518763,518762,518761,518746,518745,518744,518743,518742,518741,518739,518770,518720,518718,518698,518697,518696,518695,518694,518693,518692,518691,518690,518689,518688,518687,518686,518685,518684,518699,518719,518700,518702,518717,518716,518715,518714,518713,518712,518711,518710,518709,518708,518707,518706,518705,518704,518703,518701,518771,518772,518773,519575,519574,519573,519572,519571,519570,519569,519568,519567,519566,519565,519564,519563,519549,519548,519576,519547,519577,519579,519594,519593,519592,519591,519590,519589,519588,519587,519586,519585,519584,519583,519582,519581,519580,519578,519546,519545,519544,518788,518787,518786,518785,518784,518783,518782,518781,518780,518779,518778,518777,518776,518775,518774,518789,518790,519393,519394,519543,519542,519541,519540,519539,519538,519439,518683,519419,519417,519416,519399,519398,519397,519396,519395,519418,518525,518682,518680,518593,518592,518591,518590,518589,518588,518587,518586,518585,518584,518583,518582,518581,518580,518579,518594,518578,518595,518597,518612,518611,518610,518609,518608,518607,518606,518605,518604,518603,518602,518601,518600,518599,518598,518596,518613,518577,518575,518555,518554,518553,518552,518551,518549,518548,518547,518546,518545,518544,518543,518542,518541,518540,518556,518576,518557,518559,518574,518573,518572,518571,518570,518569,518568,518567,518566,518565,518564,518563,518562,518561,518560,518558,518614,518615,518616,518660,518659,518658,518657,518656,518655,518654,477397,477398,477399,477400,477401,477402,477403,518653,518661,518652,518662,518664,518679,518678,518677,518676,518675,518674,518673,518672,518671,518670,518669,518668,518667,518666,518665,518663,477404,477405,477406,518631,518630,518629,518628,518627,518626,518625,518624,518623,518622,518621,518620,518619,518618,518617,518632,518633,518634,518635,518651,518650,518649,518648,518647,518646,518645,518681,518644,518642,518641,518640,518639,518638,518637,518636,518643,766396,476375,476373,522826,522825,522824,522823,522822,522821,522820,522819,522818,522817,522816,522815,522814,522813,522812,522827,522811,522828,522830,522845,522844,522843,522842,522841,522840,522839,522838,522837,522836,522835,522834,522833,522832,522831,522829,522856,522810,522808,522788,522787,522786,522785,522784,522783,522782,522781,522780,522779,522778,522777,522776,522775,522774,522789,522809,522790,522792,522807,522806,522805,522804,522803,522802,522801,522800,522799,522798,522797,522796,522795,522794,522793,522791,522773,522857,522859,523494,523493,523492,523491,523490,523489,361940,361931,475349,475350,475351,475352,475353,475354,475355,523495,475356,523496,523498,523516,523515,523514,523513,523512,523511,523507,523506,523505,523504,523503,523502,523501,523500,523499,523497,522858,475357,475359,522876,522873,522872,522871,522870,522869,522868,522867,522866,522865,522864,522863,522862,522861,522860,522877,475358,522878,522880,522895,522894,522893,522892,522891,522890,522889,522888,522887,522886,522885,522884,522883,522882,522881,522879,522772,522771,522770,522673,522672,522671,522670,522669,522668,522667,522666,522665,475512,475513,475514,475515,475516,475517,522674,522664,522675,522677,522692,522691,522690,522689,522688,522687,522686,522685,522684,522683,522682,522681,522680,522679,522678,522676,522693,522663,522661,522641,522640,522639,522638,522637,522636,522635,522634,522633,522632,522631,522630,522629,522628,522627,522642,522662,522643,522645,522660,522659,522658,522657,522656,522655,522654,522653,522652,522651,522650,522649,522648,522647,522646,522644,522694,522695,522696,522750,522749,522748,522747,522746,522745,522744,522743,522742,522741,522740,522739,522738,522737,522736,522751,522735,522752,522754,522769,522768,522767,522766,522765,522764,522763,522762,522761,522760,522759,522758,522757,522756,522755,522753,522734,522733,522732,522711,522710,522709,522708,522707,522706,522705,522704,522703,522702,522701,522700,522699,522698,522697,522712,522713,522714,522715,522731,522730,522729,522728,522727,522726,522725,523517,522724,522722,522721,522720,522719,522718,522717,522716,522723,523518,523519,523530,523808,523807,523806,523805,523804,523803,523802,523801,523800,523799,523798,523797,523796,523795,523794,523809,523793,523810,523812,523827,523826,523825,523824,523823,523822,523821,523820,523819,523818,523817,523816,523815,523814,523813,523811,523828,523792,523790,523770,523769,523768,523767,523766,523765,523764,523763,523762,523761,523760,523759,523758,523757,523756,523771,523791,523772,523774,523789,523788,523787,523786,523785,523784,523783,523782,523781,523780,523779,523778,523777,523776,523775,523773,523829,523830,523831,523893,523892,523891,523890,523889,523888,523887,523886,523885,523884,523883,523882,523881,523880,523879,523894,523870,523895,523897,523914,523913,523912,523911,523910,523909,523908,523907,523906,523905,523904,523903,523902,523901,523900,523896,523869,523868,523867,523846,523845,523844,523843,523842,523841,523840,523839,523838,523837,523836,523835,523834,523833,523832,523847,523848,523849,523850,523866,523865,523864,523863,523862,523861,523860,523755,523859,523857,523856,523855,523854,523853,523852,523851,523858,522626,523754,523752,523655,523654,523653,523652,523651,523650,523649,523648,523647,523646,523645,523644,523643,523642,523641,523656,523636,523657,523659,523674,523673,523672,523671,523670,523669,523668,523667,523666,523665,523664,523663,523662,523661,523660,523658,523675,523635,523633,523545,523544,523543,523542,523541,523540,523539,523538,523537,523536,523535,523534,523533,523532,523531,523546,523634,523547,523549,523632,523631,523630,523629,523628,523627,523626,523625,523624,523623,523622,523621,523552,523551,523550,523548,523676,523677,523678,523732,523731,523730,523729,523728,523727,523726,523725,523724,523723,523722,523721,523720,523719,523718,523733,523717,523734,523736,523751,523750,523749,523748,523747,523746,523745,523744,523743,523742,523741,523740,523739,523738,523737,523735,523716,523715,523714,523693,523692,523691,523690,523689,523688,523687,523686,523685,523684,523683,523682,523681,523680,523679,523694,523695,523696,523697,523713,523712,523711,523710,523709,523708,523707,523753,523706,523704,523703,523702,523701,523700,523699,523698,523705,522625,522624,522623,521674,521673,521672,521671,521670,521669,521668,521667,521666,521665,521664,521663,521662,521661,521660,521675,521659,521676,521678,521693,521692,521691,521690,521689,521688,521687,521686,521685,521684,521683,521682,521681,521680,521679,521677,521694,521658,521656,521636,521635,521634,521633,521632,521631,521630,521629,521628,521627,521626,521625,521624,521623,521622,521637,521657,521638,521640,521655,521654,521653,521652,521651,521650,521649,521648,521647,521646,521645,521644,521643,521642,521641,521639,521695,521696,521697,521751,521750,521749,521748,521747,521746,521745,521744,521743,521742,521741,521740,521739,521738,521737,521752,521736,521753,521755,521770,521769,521768,521767,521766,521765,521764,521763,521762,521761,521760,521759,521758,521757,521756,521754,521735,521734,521733,521712,521711,521710,521709,521708,521707,521706,521705,521704,521703,521702,521701,521700,521699,521698,521713,521714,521715,521716,521732,521731,521730,521729,521728,521727,521726,521621,521725,521723,521722,521721,521720,521719,521718,521717,521724,521771,521620,521618,520828,520827,520826,520825,520824,520823,520822,520821,520820,520819,520818,520817,520816,520815,520814,520829,520813,520830,520832,521449,521448,521447,521446,521445,521444,521443,521442,521441,520838,520837,520836,520835,520834,520833,520831,521454,520812,520810,520777,520776,520775,520774,520773,520772,520771,520770,520769,520768,520767,520766,520765,520764,520763,520778,520811,520779,520781,520809,520795,520794,520793,520792,520791,520790,520789,520788,520787,520786,520785,520784,520783,520782,520780,521455,521456,521457,521598,521597,521596,521595,521594,521593,521591,521590,521589,521588,521587,521586,521585,521584,521583,521599,521582,521600,521602,521617,521616,521615,521614,521613,521612,521611,521610,521609,521608,521607,521606,521605,521604,521603,521601,521581,521580,521579,521488,521487,521486,521469,521468,521467,521466,521465,521464,521463,521462,521461,521460,521459,521458,521489,521490,521491,521492,521578,521577,521576,521575,521574,521503,521502,521619,521501,521499,521498,521497,521496,521495,521494,521493,521500,476374,521772,521774,475628,475629,475630,475631,475632,475633,475634,475635,475636,475637,475638,475639,475640,475641,475642,475627,475643,475626,475624,475609,475610,475611,475612,475613,475614,475615,475616,475617,475618,475619,475620,475621,475622,475623,475625,475608,475644,475646,522518,522517,522516,522515,522514,522513,522512,522511,522510,522509,475666,475667,475668,475669,475670,475665,475645,475664,475662,475647,475648,475649,475650,475651,475652,475653,475654,475655,475656,475657,475658,475659,475660,475661,475663,475607,475606,475605,475554,522603,522602,522601,522600,522599,522598,522597,522527,522526,522525,475568,475569,475570,475571,475553,475572,475552,522605,522622,522621,522620,522619,522618,522617,522614,522613,522612,522611,522610,522609,522608,522607,522606,522604,475573,475574,475575,475590,475591,475592,475593,475594,475595,475596,475597,475598,475599,475600,475601,475602,475603,475604,475589,475588,475587,475586,475576,522524,522523,522522,522521,522520,522519,475671,475577,475579,475580,475581,475582,475583,475584,475585,475578,521773,475672,475674,521838,521837,521836,521835,521834,521833,521832,521820,521819,521818,521817,521816,521815,521814,521813,521839,521812,521840,521842,521859,521858,521857,521856,521855,521854,521853,521852,521849,521848,521847,521846,521845,521844,521843,521841,521860,521811,521809,521789,521788,521787,521786,521785,521784,521783,521782,521781,521780,521779,521778,521777,521776,521775,521790,521810,521791,521793,521808,521807,521806,521805,521804,521803,521802,521801,521800,521799,521798,521797,521796,521795,521794,521792,521861,521862,521863,475694,475695,475696,475697,475698,475699,475700,475701,475702,475703,475704,475705,475706,475707,475708,475693,475709,475692,522479,522494,522493,522492,522491,522490,522489,522488,522487,522486,522485,522484,522483,522482,522481,522480,522478,475710,522477,522476,475720,475721,475722,475723,475724,475725,475726,475727,475728,521869,521868,521867,521866,521865,521864,475719,475718,475717,475716,522475,522474,522473,522472,522471,522470,522469,475673,522468,522466,522465,475711,475712,475713,475714,475715,522467,517630,766395,766393,540158,540157,540156,540155,540154,540153,540152,540151,540150,540149,540148,540147,540146,540145,540144,540159,540143,540160,540162,540177,540176,540175,540174,540173,540172,540171,540170,540169,540168,540167,540166,540165,540164,540163,540161,540178,540142,540140,540120,540119,540118,540117,540116,540115,540114,540113,540112,540111,540110,540109,540108,540107,540106,540121,540141,540122,540124,540139,540138,540137,540136,540135,540134,540133,540132,540131,540130,540129,540128,540127,540126,540125,540123,540105,540179,540181,540234,540233,540232,540231,540230,540229,540228,540227,540226,540225,540224,540223,540222,540221,540220,540235,540219,540236,540238,540253,540252,540251,540250,540249,540248,540247,540246,540245,540244,540243,540242,540241,540240,540239,540237,540180,540218,540216,540196,540195,540194,540193,540192,540191,540190,540189,540188,540187,540186,540185,540184,540183,540182,540197,540217,540198,540200,540215,540214,540213,540212,540211,540210,540209,540208,540207,540206,540205,540204,540203,540202,540201,540199,540104,540103,540102,539874,539873,539872,539866,539865,539864,539863,467158,467159,752931,752932,752933,753044,753045,539287,539875,753073,539876,539878,751910,539955,539954,539953,539948,539947,539937,539936,539935,539934,539933,539932,752020,752050,752051,539877,751909,753074,539285,539228,539227,539226,539225,539224,539223,539222,539221,539220,539219,539218,539217,539216,539215,539214,539229,539286,539230,539232,539270,539269,539268,539267,539266,539265,539264,539263,539239,539238,539237,539236,539235,539234,539233,539231,751908,751907,751906,540082,540081,540080,540079,540078,540077,540076,540075,540074,540073,540072,540071,540070,540069,540068,540083,540067,540084,540086,540101,540100,540099,540098,540097,540096,540095,540094,540093,540092,540091,540090,540089,540088,540087,540085,540066,540065,540064,540043,540042,540041,540040,540039,540038,540037,540036,540035,540034,540033,540007,540006,540005,540004,540044,540045,540046,540047,540063,540062,540061,540060,540059,540058,540057,540254,540056,540054,540053,540052,540051,540050,540049,540048,540055,540255,540256,540257,541101,541100,541099,541098,466384,466385,466386,466387,466388,466389,466390,466391,466392,466393,466394,541102,466395,541103,541105,541118,541117,541116,541115,541114,541113,541112,541111,466382,466383,541110,541109,541108,541107,541106,541104,541119,466396,466398,541093,541092,541091,541090,541089,541088,541087,541086,541085,541084,541083,541082,541081,541080,541079,541094,466397,541095,541097,466399,466400,466401,466402,466403,466404,466405,466406,466407,466408,466409,466410,466411,466412,466413,541096,541120,541121,541122,541168,541167,541166,541165,541164,541163,541162,749970,541161,541160,541159,466338,466339,466340,466341,541169,466342,541170,749959,541183,541182,541181,541180,541179,541178,541177,541176,541175,541174,541173,541172,749956,749957,749958,541171,541158,541157,541156,541135,541134,541133,541132,541131,541130,541129,541128,541127,750006,750007,541126,541125,541124,541123,541136,541137,541138,541139,541155,541154,541153,541152,541151,541150,541149,466414,541148,541146,541145,541144,541143,541142,541141,541140,541147,539213,466415,466417,466489,466490,466491,466492,466493,466494,466495,466496,466497,466498,466499,466500,466501,466502,466503,466488,466504,466487,466485,466454,466455,466456,466473,466474,466475,466476,466477,466478,466479,466480,466481,466482,466483,466484,466486,466453,466505,466507,540291,540290,540289,540288,540287,540286,540285,540284,540283,540263,540262,540261,540260,540259,540258,540292,466506,540293,540295,750879,750880,750881,750882,750883,750884,750885,750886,750981,750982,750995,751029,540310,540309,540308,540294,466452,466451,466450,541065,541064,541063,541062,541061,541060,541059,541058,466424,466425,466426,466427,466428,466429,466430,541066,466431,541067,541069,466418,466419,466420,466421,466422,466423,541078,541077,541076,541075,541074,541073,541072,541071,541070,541068,466432,466433,466434,540969,540960,540959,540958,540957,540956,540955,540954,466447,466448,540890,540889,540888,540887,466449,540970,540971,540977,540978,466435,466436,466437,466438,466439,466440,466441,466416,466442,466444,466445,466446,541030,541029,541028,541027,466443,541184,539212,539210,538168,538167,538166,538165,538164,538163,538162,538161,538160,538159,538158,538157,538156,538155,538154,538169,538153,538170,538172,538187,538186,538185,538184,538183,538182,538181,538180,538179,538178,538177,538176,538175,538174,538173,538171,538188,538152,538150,538130,538129,538128,538127,538126,538125,538124,538123,366032,366031,538122,366029,538121,538120,538119,538131,538151,538132,538134,538149,538148,538147,538146,538145,538144,538143,538142,538141,538140,538139,538138,538137,538136,538135,538133,538118,538189,538191,538914,538913,538912,538855,538854,538853,538852,538851,538850,538849,538848,538842,538841,538840,754069,538923,754070,538924,538930,467522,467523,467524,467525,467526,467527,467528,467529,467530,467531,467532,538983,538982,538981,538931,538929,538190,754097,538263,538206,538205,538204,538203,538202,538201,538200,538199,538198,538197,538196,538195,538194,538193,538192,538207,754098,538208,538210,538262,538261,538246,538245,538244,538243,538242,538241,538240,538239,538215,538214,538213,538212,538211,538209,538117,538116,538115,538018,538017,538016,538015,538014,538013,538012,538011,538010,538009,538008,538007,538006,538005,538004,538019,538003,538020,538022,538037,538036,538035,538034,538033,538032,538031,538030,538029,538028,538027,538026,538025,538024,538023,538021,538038,538002,538000,755122,537960,537959,537906,537905,537904,537901,537900,537890,537889,537831,537830,537829,537828,537827,755121,538001,537984,537986,537999,537998,537997,537996,537995,537994,755093,755094,537993,537992,537991,537990,537989,537988,537987,537985,538039,538040,538041,538095,538094,538093,538092,538091,538090,538089,538088,538087,538086,538085,538084,538083,538082,538081,538096,538080,538097,538099,538114,538113,538112,538111,538110,538109,538108,538107,538106,538105,538104,538103,538102,538101,538100,538098,538079,538078,538077,538056,538055,538054,538053,538052,538051,538050,538049,538048,538047,538046,538045,538044,538043,538042,538057,538058,538059,538060,538076,538075,538074,538073,538072,538071,538070,467521,538069,538067,538066,538065,538064,538063,538062,538061,538068,467520,467519,467518,539119,539118,539117,539116,539115,539114,539113,539112,539111,539110,539109,539108,539107,539106,539105,539120,539104,539121,539123,539138,539137,539136,539135,539134,539133,539132,539131,539130,539129,539128,539127,539126,539125,539124,539122,539139,539103,539101,539081,539080,539079,539078,539077,539076,539075,539074,539073,539072,539071,539070,539069,539068,539067,539082,539102,539083,539085,539100,539099,539098,539097,539096,539095,539094,539093,539092,539091,539090,539089,539088,539087,539086,539084,539140,539141,539142,539190,539189,539188,467361,539187,539186,539185,539184,539183,539182,539181,539180,539179,539178,539177,539191,539176,539192,539194,539209,539208,539207,539206,539205,539204,539203,539202,539201,539200,539199,539198,539197,539196,539195,539193,539175,539174,467362,539157,539156,539155,539154,539153,539152,539151,539150,539149,539148,539147,539146,539145,539144,539143,539158,539159,539160,539161,467363,467364,467365,467366,539173,539172,539171,539066,539170,539168,539167,539166,539165,539164,539163,539162,539169,539211,539065,539063,539039,539038,539037,539036,539035,539034,539033,539032,539031,539030,539029,467479,467480,539028,539027,539040,539026,539041,467477,467464,467465,467466,467467,467468,467469,467470,467471,467472,467473,467474,467475,539043,539042,467476,467478,467463,539025,539023,467503,467504,467505,467506,467507,467508,467509,467510,467511,467512,467513,467514,467515,467516,467517,467502,539024,467501,467499,539022,539021,539020,539019,539018,539017,539016,539015,539014,539013,539012,539011,539010,539009,467498,467500,467462,467461,467460,467409,467410,467411,467412,467413,467414,467415,467416,467417,467418,467419,467420,539046,539045,539044,467408,467421,467407,539047,539062,539061,539060,539059,539058,539057,539056,539055,539054,539053,539052,539051,539050,539049,539048,467406,467422,467423,467424,467445,467446,467447,467448,467449,467450,467451,467452,467453,467454,467455,467456,467457,467458,467459,467444,467443,467442,467441,467425,467426,467427,467428,467429,467430,467431,539064,467432,467434,467435,467436,467437,467438,467439,467440,467433,541185,541186,541187,543318,543317,543316,543315,543314,543313,543312,543311,543310,543309,543308,543307,543306,543305,543304,543319,543303,543320,543322,543347,543336,543335,543334,543333,543332,543331,543330,543329,543328,543327,543326,543325,543324,543323,543321,543348,543302,543300,543280,543279,543278,543277,543276,543275,543274,543273,543272,543271,543270,543269,543268,543267,543266,543281,543301,543282,543284,543299,543298,543297,543296,543295,543294,543293,543292,543291,543290,543289,543288,543287,543286,543285,543283,543265,543349,543361,544099,544050,544049,544048,544041,544040,544039,544038,544029,544028,544027,544026,543960,543959,745686,544100,745687,544101,544132,544149,544148,544147,544146,544145,544144,544143,544142,544141,544140,544139,544138,544137,544134,544133,544131,543360,745688,745690,543381,543380,543379,543378,543377,543376,543375,543374,543373,543372,543371,543370,543369,543368,543362,543382,745689,745912,745860,745691,745692,745693,745694,745757,745758,745759,745760,745761,745762,745763,745764,745765,745766,745859,745865,543264,543263,543262,543165,543164,543163,543162,543161,543160,543159,543158,543157,543156,746710,746711,746712,746713,746714,543166,746715,543167,543169,543184,543183,543182,543181,543180,543179,543178,543177,543176,543175,543174,543173,543172,543171,543170,543168,543185,543155,543153,543133,543132,543131,543130,746781,746782,746783,746784,746785,746786,746787,746788,746789,746790,543129,543134,543154,543135,543137,543152,543151,543150,543149,543148,543147,543146,543145,543144,543143,543142,543141,543140,543139,543138,543136,543186,543187,543188,543242,543241,543240,543239,543238,543237,543236,543235,543234,543233,543232,543231,543230,543229,543228,543243,543227,543244,543246,543261,543260,543259,543258,543257,543256,543255,543254,543253,543252,543251,543250,543249,543248,543247,543245,543226,543225,543224,543203,543202,543201,543200,543199,543198,543197,543196,543195,543194,543193,543192,543191,543190,543189,543204,543205,543206,543207,543223,543222,543221,543220,543219,543218,543217,544150,543216,543214,543213,543212,543211,543210,543209,543208,543215,544151,544152,544153,544358,544357,544356,544355,544354,544353,544352,544351,544350,544349,544348,544347,544346,544345,544344,544359,544343,544360,544372,464452,464453,464454,464455,464456,464457,464458,464459,544400,544386,544385,544384,544373,744835,744836,544371,464451,544342,544340,544321,544320,544319,544318,544317,544316,544315,544314,544313,544312,544311,544310,544309,544308,544307,544322,544341,544323,544325,544339,544338,544337,544336,544335,544334,744890,544333,544332,544331,544330,544329,544328,544327,544326,544324,464450,464449,464448,464395,464396,464397,464398,464399,464400,464401,464402,464403,464404,464405,464406,464407,464408,744673,464394,744733,464393,464391,464376,464377,464378,464379,464380,464381,464382,464383,464384,464385,464386,464387,464388,464389,464390,464392,744734,744735,744736,464440,464441,464442,464443,744741,744742,544405,544404,544403,544402,544401,464444,464445,464446,464447,464439,464438,464437,464436,744737,744738,744739,744740,464424,464425,464426,544306,464427,464429,464430,464431,464432,464433,464434,464435,464428,543128,544305,544303,544206,544205,544204,544203,544202,544201,544200,544199,544198,544197,544196,544195,544194,544193,544192,544207,544191,544208,544210,544225,544224,544223,544222,544221,544220,544219,544218,544217,544216,544215,544214,544213,544212,544211,544209,544226,544190,544188,544168,544167,544166,544165,544164,544163,544162,544161,544160,544159,544158,544157,544156,544155,544154,544169,544189,544170,544172,544187,544186,544185,544184,544183,544182,544181,544180,544179,544178,544177,544176,544175,544174,544173,544171,544227,544228,544229,544283,544282,544281,544280,544279,544278,544277,544276,544275,544274,544273,544272,544271,544270,544269,544284,544268,544285,544287,544302,544301,544300,544299,544298,544297,544296,544295,544294,544293,544292,544291,544290,544289,544288,544286,544267,544266,544265,544244,544243,544242,544241,544240,544239,544238,544237,544236,544235,544234,544233,544232,544231,544230,544245,544246,544247,544248,544264,544263,544262,544261,544260,544259,544258,544304,544257,544255,544254,544253,544252,544251,544250,544249,544256,543127,543126,543125,542111,542110,542109,542108,542107,542106,542105,542104,542103,542102,542101,542100,542099,542098,542097,542112,542096,542113,542115,542130,542129,542128,542127,542126,542125,542124,542123,542122,542121,542120,542119,542118,542117,542116,542114,542131,542095,542093,541979,541978,541977,748758,748759,748760,748761,748830,748831,748832,748833,748834,748835,748836,748837,541980,542094,541991,541993,542092,542091,542090,542089,542085,542084,542083,542082,542054,542053,542052,542051,542002,542001,541994,541992,542132,542133,542134,542188,542187,542186,542185,542184,542183,542182,542181,542180,542179,542178,542177,542176,542175,542174,542189,542173,542190,542192,542207,542206,542205,542204,542203,542202,542201,542200,542199,542198,542197,542196,542195,542194,542193,542191,542172,542171,542170,542149,542148,542147,542146,542145,542144,542143,542142,542141,542140,542139,542138,542137,542136,542135,542150,542151,542152,542153,542169,542168,542167,542166,542165,542164,542163,748838,542162,542160,542159,542158,542157,542156,542155,542154,542161,542208,541913,541911,541232,541231,749855,749856,749857,749858,749859,749860,749861,749862,541230,541229,541228,541227,541226,541233,541225,541234,541236,541251,541250,541249,541248,541247,541246,541245,541244,541243,541242,541241,541240,541239,541238,541237,541235,541252,541224,541222,541202,541201,541200,541199,541198,541197,541196,541195,541194,541193,541192,541191,541190,541189,541188,541203,541223,541204,541206,541221,541220,541219,541218,541217,541216,541215,541214,541213,541212,541211,541210,541209,541208,541207,541205,541253,541254,541255,541325,541324,541323,541322,541321,541320,541319,541318,541317,541315,541314,541313,541312,541311,541310,541326,541306,541327,541329,748931,748932,748933,748934,748935,748945,748983,367055,367054,367053,541334,541333,541332,541331,541330,541328,541305,541304,541303,541269,541268,541267,541266,541265,541264,541263,541262,541261,541260,541259,749782,541258,541257,541256,541270,541271,541272,541273,541302,541301,541287,541286,541285,541284,541283,541912,541282,541280,541279,541278,541277,541276,541275,541274,541281,537826,542209,542211,465407,465408,465409,465410,465411,465412,465413,465414,465415,465416,465417,465418,465419,465420,465421,465406,465422,465405,465403,465388,465389,465390,465391,465392,465393,465394,465395,465396,465397,465398,465399,465400,465401,465402,465404,465387,465423,465425,465460,465461,465462,465463,465464,465465,465466,465467,465468,465469,465470,465471,465472,465473,465474,465459,465424,465458,465456,465426,465427,465428,465429,465430,465431,465432,465448,465449,465450,465451,465452,465453,465454,465455,465457,465386,465385,465384,543078,746888,746889,746890,746891,746892,746893,746894,746895,543077,543076,543075,543026,543025,543017,746884,543016,746883,543106,543124,543123,543122,543121,543120,543119,543118,543117,543116,543115,543114,543113,543109,543108,543107,746882,543015,543004,543003,465369,465370,465371,465372,465373,465374,465375,465376,465377,465378,465379,465380,465381,465382,465383,465368,465367,465366,465365,543002,543001,465314,465315,465316,465317,542936,465475,542935,465358,465359,465360,465361,465362,465363,465364,465357,542210,465476,465478,542264,542263,542262,542261,542260,542259,542258,542257,542256,542255,542254,542253,542252,542251,542250,542265,542249,542266,542268,542283,542282,542281,542280,542279,542278,542277,542276,542275,542274,542273,542272,542271,542270,542269,542267,542284,542248,542246,542226,542225,542224,542223,542222,542221,542220,542219,542218,542217,542216,542215,542214,542213,542212,542227,542247,542228,542230,542245,542244,542243,542242,542241,542240,542239,542238,542237,542236,542235,542234,542233,542232,542231,542229,542285,542286,542287,747906,747907,747908,747909,747911,747912,747920,542358,542357,542356,542355,542354,542353,542352,542351,747814,542350,747813,747811,465479,465480,465481,465482,465483,747734,747735,747736,747737,747738,747806,747807,747808,747809,747810,747812,542349,542348,542347,542302,542301,542300,542299,542298,542297,542296,542295,542294,542293,542292,542291,542290,542289,542288,542303,542304,542305,542306,542346,542345,542344,542343,542338,542337,542336,465477,542327,542325,542324,542311,542310,542309,542308,542307,542326,537825,537824,537819,470502,470503,470504,470505,470506,470507,470508,470509,532945,532944,532943,532942,532941,532940,532939,470501,532938,470500,470498,532957,532956,532955,532954,532953,532952,470495,470496,470497,532951,532950,532949,532948,532947,532946,470499,532958,532937,532935,470520,470521,470522,470523,470524,470525,470526,470527,470528,470529,532925,532924,532923,532922,532921,470519,532936,470518,532927,532934,532933,532932,532931,532930,532929,532928,470510,470511,470512,470513,470514,470515,470516,470517,532926,532920,532959,532961,532993,532992,532991,532990,532989,532988,532987,532986,532985,532984,532983,532982,532981,532980,470474,532994,470475,532995,470469,533004,533003,533002,533001,533000,532999,532998,532997,470462,470463,470464,470465,470466,470467,470468,532996,532960,470476,470478,470494,532975,532974,532973,532972,532971,532970,532969,532968,532967,532966,532965,532964,532963,532962,470493,470477,470492,470490,470479,532979,532978,532977,532976,470480,470481,470482,470483,470484,470485,470486,470487,470488,470489,470491,470530,470531,470532,532878,532877,532876,532875,532874,532873,532872,532871,532870,532869,532868,532867,532866,532865,532864,532879,532863,470604,470602,470591,470592,470593,470594,470595,470596,470597,470598,470599,470600,532883,532882,532881,532880,470601,470603,470590,532862,532843,532717,532716,532715,532714,532713,532712,532711,532710,532709,532708,532707,532706,532705,532704,532703,532718,532844,532719,763321,532842,532841,532840,532839,532838,532837,763286,763287,763288,763289,763290,763298,763299,763319,763320,532770,470589,532884,532885,470552,470553,532919,532918,532917,532916,532915,532914,532913,532912,532911,532910,532909,532908,532907,470551,532906,470550,470548,470533,470534,470535,470536,470537,470538,470539,470540,470541,470542,470543,470544,470545,470546,470547,470549,532905,532904,532903,470582,470583,470584,532893,532892,532891,470585,470586,470587,470588,532890,532889,532888,532887,532886,470581,470580,470579,470578,532902,532901,532900,532899,532898,532897,470571,533005,470572,470574,470575,532896,532895,532894,470576,470577,470573,533006,533007,533008,533937,533936,533935,533934,533933,533932,533931,533930,533929,533928,533927,533926,533925,533924,533923,533938,533922,533939,533941,533956,533955,533954,533953,533952,533951,533950,533949,533948,533947,533946,533945,533944,533943,533942,533940,533957,533921,533919,533899,533898,533897,533896,533895,533894,533893,533892,533891,533890,533889,533888,533887,533867,533866,533900,533920,533901,533903,533918,533917,533916,533915,533914,533913,533912,533911,533910,533909,533908,533907,533906,533905,533904,533902,533958,533959,533960,534014,534013,534012,534011,534010,534009,534008,534007,534006,534005,534004,534003,534002,534001,534000,534015,533999,534016,534018,534033,534032,534031,534030,534029,534028,534027,534026,534025,534024,534023,534022,534021,534020,534019,534017,533998,533997,533996,533975,533974,533973,533972,533971,533970,533969,533968,533967,533966,533965,533964,533963,533962,533961,533976,533977,533978,533979,533995,533994,533993,533992,533991,533990,533989,533865,533988,533986,533985,533984,533983,533982,533981,533980,533987,532702,533864,533862,533046,533045,533044,533043,533042,533041,533040,533039,533038,533037,533036,533035,533034,533033,470433,533047,470434,533048,533050,533065,533064,533063,533062,533061,533060,533059,533058,533057,533056,533055,533054,533053,533052,533051,533049,533066,470435,470437,533022,533021,533020,533019,533018,533017,533016,533015,533014,533013,533012,533011,533010,470461,533009,533023,470436,533024,533026,470438,470439,470440,470441,470442,470443,470444,470445,470446,533032,533031,533030,533029,533028,533027,533025,533067,533068,533069,533723,533722,533721,762262,762263,762274,762275,762287,762294,762295,470228,470229,470230,470231,470232,533724,470233,533725,533727,533794,533743,533742,533741,533740,533739,533738,533735,533734,533733,533732,533731,533730,533729,533728,533726,470234,470235,470236,533084,533083,533082,533081,533080,533079,533078,533077,533076,533075,533074,533073,533072,533071,533070,533085,533086,533087,533088,533143,533127,533126,533125,533124,533123,533122,533863,533121,533095,533094,533093,533092,533091,533090,533089,533120,532701,532700,532699,530969,530968,530967,530966,530965,530964,530963,530962,530961,530960,530959,530958,530957,530956,530955,530970,530954,530971,530973,530988,530987,530986,530985,530984,530983,530982,530981,530980,530979,530978,530977,530976,530975,530974,530972,530989,530953,530951,530931,530930,530929,530928,530927,530926,530925,530924,530923,530922,530921,530920,530919,530918,530917,530932,530952,530933,530935,530950,530949,530948,530947,530946,530945,530944,530943,530942,530941,530940,530939,530938,530937,530936,530934,530990,530991,530992,531046,531045,531044,531043,531042,531041,531040,531039,531038,531037,531036,531035,531034,531033,531032,531047,531031,531048,531072,471255,471256,471257,471258,471259,471260,471261,531095,531079,531078,531077,531076,531075,531074,531073,531049,531030,531029,531028,531007,531006,531005,531004,531003,531002,531001,531000,530999,530998,530997,530996,530995,530994,530993,531008,531009,531010,531011,531027,531026,531025,531024,531023,531022,531021,530916,531020,531018,531017,531016,531015,531014,531013,531012,531019,471254,530915,530913,471509,471510,471511,471512,471513,471514,471515,471516,471517,471518,471519,471520,471521,530858,530857,471508,530856,471507,471505,471490,471491,471492,471493,471494,471495,471496,471497,471498,471499,471500,471501,471502,471503,471504,471506,471489,530855,530853,471532,471533,471534,471535,471536,530845,766384,530844,530843,530842,530841,530840,530839,530838,530837,471531,530854,471530,471528,766363,530852,530851,530850,530849,530848,766369,530847,530846,471522,471523,471524,471525,471526,471527,471529,471488,471487,471486,530895,530894,363980,530893,530892,530891,530890,530889,530888,530887,530886,471457,471458,471459,471460,530896,471461,530897,530899,530912,530911,530910,530909,363987,363986,530908,530907,530906,530905,530904,530903,530902,530901,530900,530898,471462,471463,471464,530871,530870,530869,530868,530867,530866,530865,530864,530863,530862,530861,530860,530859,471484,471485,530872,530873,530874,530875,471465,471466,471467,530885,530884,530883,471468,530914,471469,530882,530881,530880,530879,530878,530877,530876,471470,534034,471253,765371,531991,531990,531989,531988,531987,531986,531985,531984,531983,531982,531981,531980,531979,531978,531977,531992,531976,531993,531995,532010,532009,532008,532007,532006,532005,532004,532003,532002,532001,532000,531999,531998,531997,531996,531994,532011,531975,531973,531953,531952,531951,531950,531949,531948,531947,531946,531945,531944,531943,531942,531941,531940,531939,531954,531974,531955,531957,531972,531971,531970,531969,531968,531967,531966,531965,531964,531963,531962,531961,531960,531959,531958,531956,532012,532013,532014,532068,532067,532066,532065,532064,532063,532062,532061,532060,532059,532058,532057,532056,532055,532054,532069,532053,532070,532072,764314,764315,764322,764344,764345,764346,532119,532103,532102,532101,532100,532099,532098,532097,532096,532071,532052,532051,532050,532029,532028,532027,532026,532025,532024,532023,532022,532021,532020,532019,532018,532017,532016,532015,532030,532031,532032,532033,532049,532048,532047,532046,532045,532044,532043,531938,532042,532040,532039,532038,532037,532036,532035,532034,532041,471252,531937,531935,531838,531837,531836,531835,531834,531833,531832,531829,531828,531827,531826,531825,531822,531821,531820,531839,531819,531840,531842,531857,531856,531855,531854,531853,531852,531851,531850,531849,531848,531847,531846,531845,531844,531843,531841,531858,531818,531816,531684,531683,531682,531681,531680,531679,531678,531677,765339,765345,765346,765360,765368,765369,765370,531685,531817,531686,531688,531815,531814,531813,531812,531747,531746,531697,531696,531695,531694,531693,531692,531691,531690,531689,531687,531859,531860,531861,531915,531914,531913,531912,531911,531910,531909,531908,531907,531906,531905,531904,531903,531902,531901,531916,531900,531917,531919,531934,531933,531932,531931,531930,531929,531928,531927,531926,531925,531924,531923,531922,531921,531920,531918,531899,531898,531897,531876,531875,531874,531873,531872,531871,531870,531869,531868,531867,531866,531865,531864,531863,531862,531877,531878,531879,531880,531896,531895,531894,531893,531892,531891,531890,531936,531889,531887,531886,531885,531884,531883,531882,531881,531888,766394,534035,534037,757142,757157,757158,757159,757170,757171,536215,536214,536198,536197,536196,536195,536194,536193,536192,757141,536167,536792,536794,536866,536865,536810,536809,536808,536807,536806,536805,536804,536803,536802,536801,536800,536796,536795,536793,536876,536166,536164,536144,536143,536142,536141,536140,536139,536138,536137,536136,536135,536134,536133,536132,536131,536130,536145,536165,536146,536148,536163,536162,536161,536160,536159,536158,536157,536156,536155,536154,536153,536152,536151,536150,536149,536147,536129,536877,536879,537005,537004,537003,537002,537001,537000,536999,536998,536997,536996,536995,536994,536993,536992,536991,468553,536990,468552,468550,468535,468536,468537,468538,468539,468540,468541,468542,468543,468544,468545,468546,468547,468548,468549,468551,536878,536989,536987,536970,536969,536968,536967,536966,536965,536964,536963,536962,536961,536960,536937,536936,536881,536880,536971,536988,536972,536974,536986,536985,536984,536983,536982,536981,536980,536979,536978,536977,468554,468555,468556,536976,536975,536973,536128,536127,536126,536038,536037,536036,536035,536034,536033,536032,536031,536030,536029,536028,536027,536026,536025,536024,536039,536023,536040,536042,536057,536056,536055,536054,536053,536052,536051,536050,536049,536048,536047,536046,536045,536044,536043,536041,536058,536022,536020,536000,535999,535998,535997,535996,535995,535994,535993,535992,535991,535990,535989,535988,535987,535986,536001,536021,536002,536004,536019,536018,536017,536016,536015,536014,536013,536012,536011,536010,536009,536008,536007,536006,536005,536003,536059,536060,536061,536110,536109,536108,758185,758186,536107,536106,536105,536104,536103,536102,536101,758194,758195,758196,536111,536100,758180,536112,536125,536124,536123,536122,536121,536120,536119,536118,758165,758166,536117,536116,536115,536114,536113,758179,536099,536098,536097,536076,536075,536074,536073,536072,536071,536070,536069,536068,536067,536066,536065,536064,536063,536062,536077,536078,536079,536080,536096,536095,536094,536093,536092,536091,536090,468534,536089,536087,536086,536085,536084,536083,536082,536081,536088,468533,468532,468531,537117,537116,537115,537114,537113,537112,537111,537110,537109,537108,537107,537106,537105,537104,537103,537118,537102,537119,537121,537136,537135,537134,537133,537132,537131,537130,537129,537128,537127,537126,537125,537124,537123,537122,537120,537137,537101,537099,537079,537078,537077,537076,537075,537074,537073,537072,468385,468386,468387,468388,468389,468390,468391,537080,537100,537081,537083,537098,537097,537096,537095,537094,537093,537092,537091,537090,537089,537088,537087,537086,537085,537084,537082,537138,537139,537140,537217,537216,537215,537191,537190,537189,537188,537187,537186,537185,537184,537183,537182,537181,537180,537218,537179,537219,537221,537818,537817,537816,468181,468182,468183,468184,468185,756117,756118,756145,756146,537239,537238,537222,537220,537178,537177,537176,537155,537154,537153,537152,537151,537150,537149,537148,537147,537146,537145,537144,537143,537142,537141,537156,537157,537158,537159,537175,537174,537173,537172,537171,537170,537169,468392,537168,537166,537165,537164,537163,537162,537161,537160,537167,535985,537071,537069,468492,468493,468494,468495,468496,468497,468498,468499,468500,468501,468502,468503,468504,537036,537035,468491,537034,468490,468488,468473,468474,468475,468476,468477,468478,468479,468480,468481,468482,468483,468484,468485,468486,468487,468489,468472,537033,537031,537011,537010,537009,537008,537007,537006,468522,468523,468524,468525,468526,468527,468528,468529,468530,537012,537032,537013,537015,537030,537029,537028,537027,537026,537025,537024,537023,537022,537021,537020,537019,537018,537017,537016,537014,468471,468470,468469,537049,468416,468417,537048,537047,537046,537045,537044,537043,537042,537041,537040,537039,537038,537037,537050,468430,537051,537053,537068,537067,537066,537065,537064,537063,537062,537061,537060,537059,537058,537057,537056,537055,537054,537052,468431,468432,468433,468454,468455,468456,468457,468458,468459,468460,468461,468462,468463,468464,468465,468466,468467,468468,468453,468452,468451,468450,468434,468435,468436,468437,468438,468439,468440,537070,468441,468443,468444,468445,468446,468447,468448,468449,468442,535984,535983,535982,534939,534938,534937,534936,534935,534934,534933,534932,534931,534930,534929,534928,534927,534926,534925,534940,534924,534941,534943,534958,534957,534956,534955,534954,534953,534952,534951,534950,534949,534948,534947,534946,534945,534944,534942,534959,534923,534921,534913,534912,469559,469560,469561,469562,469563,469564,469565,469566,469567,469568,469569,469570,469571,534914,534922,534915,534917,534920,534919,534918,469547,469548,469549,469550,469551,469552,469553,469554,469555,469556,469557,469558,534916,534960,534961,534962,469497,469498,469499,469500,469501,469502,469503,469504,469505,469506,469507,469508,469509,469510,469511,469496,469512,469495,469493,469478,469479,469480,469481,469482,469483,469484,469485,469486,469487,469488,469489,469490,469491,469492,469494,469513,469514,469515,534977,534976,534975,534974,534973,534972,534971,534970,534969,534968,534967,534966,534965,534964,534963,534978,534979,534980,534981,469516,469517,469518,469519,469520,469521,469522,469572,469523,469525,469526,469527,469528,469529,534983,534982,469524,469477,469573,469575,534090,534089,534088,534087,534086,534085,534084,534083,534082,534081,534080,534079,534078,534077,534076,534091,534075,534092,534094,534109,534108,534107,534106,534105,534104,534103,534102,534101,534100,534099,534098,534097,534096,534095,534093,534110,534074,534072,534052,534051,534050,534049,534048,534047,534046,534045,534044,534043,534042,534041,534040,534039,534038,534053,534073,534054,534056,534071,534070,534069,534068,534067,534066,534065,534064,534063,534062,534061,534060,534059,534058,534057,534055,534111,534112,534113,760245,760246,534766,534765,534764,534763,534762,534761,534760,534759,534758,534757,534756,534755,534754,760244,534753,760243,760238,469576,469577,469578,469579,469580,534890,534889,534888,534818,760213,760214,760215,760216,760226,760227,760239,534752,534751,534750,534149,534148,534147,761263,534146,534145,534144,761269,761270,534119,534118,534117,534116,534115,534114,534150,534151,761251,761250,534749,534748,534747,534746,534745,534744,365010,469574,365009,365005,365004,534167,534166,761237,761238,761239,365008,534036,469476,469474,535172,535171,535170,535169,535168,535143,535142,535141,535140,535139,535138,535137,535136,535135,535134,535173,535133,535174,535190,469210,469211,759189,759190,759191,759202,759203,759211,759212,759213,759214,759219,759220,759221,535191,535175,469209,535132,535130,535110,535109,535108,535107,535106,535105,535104,535103,535102,535101,535100,535099,535098,535097,535096,535111,535131,535112,535114,535129,535128,535127,535126,535125,535124,535123,535122,535121,535120,535119,535118,535117,535116,535115,535113,469208,469207,469206,535962,535961,535960,535959,535958,535957,535956,535955,535954,535953,535952,535951,535950,535949,535948,535963,535947,535964,535966,535981,535980,535979,535978,535977,535976,535975,535974,535973,535972,535971,535970,535969,535968,535967,535965,535946,535945,535944,535782,535781,535780,535779,535778,535777,535776,535775,535773,535772,535771,535770,535769,535768,469205,535783,535784,535785,535786,535943,535942,535941,535940,535939,535938,535937,535095,535936,535912,535856,535855,535854,535842,535841,535787,535913,469475,535094,535092,535009,535008,535007,535006,469439,469440,469441,469442,469443,535005,535004,535003,535002,535001,535000,535010,534999,535011,535013,535028,535027,535026,535025,535024,535023,535022,535021,535020,535019,535018,535017,535016,535015,535014,535012,469422,534998,469453,534996,534995,534994,534993,534992,534991,534990,534989,534988,534987,534986,534985,534984,469472,469473,534997,469452,469471,469469,469454,469455,469456,469457,469458,469459,469460,469461,469462,469463,469464,469465,469466,469467,469468,469470,469421,469420,469419,535072,535071,535070,535069,535068,535067,535066,535065,535064,535063,535062,535061,535060,535059,535058,535073,535057,535074,535076,535091,535090,535089,535088,535087,535086,535085,535084,535083,535082,535081,535080,535079,535078,535077,535075,535056,535055,535054,535033,535032,535031,469409,535030,535029,469410,469411,469412,469413,469414,469415,469416,469417,469418,535034,535035,535036,535037,535053,535052,535051,535050,535049,535048,535047,535093,535046,535044,535043,535042,535041,535040,535039,535038,535045,464375,517629,517627,498201,498200,498199,498198,498197,498196,498195,498194,498193,498192,498191,498190,498189,498188,498187,498202,498186,498203,498205,498220,498219,498218,498217,498216,498215,498214,498213,498212,498211,498210,498209,498208,498207,498206,498204,498221,498185,498183,498163,498162,498161,498160,498159,498158,498157,498156,498155,498154,498153,498152,498151,498150,498149,498164,498184,498165,498167,498182,498181,498180,498179,498178,498177,498176,498175,498174,498173,498172,498171,498170,498169,498168,498166,498148,498222,498224,498277,498276,498275,498274,498273,498272,498271,498270,498269,498268,498267,498266,498265,498264,498263,498278,498262,498279,498281,498931,498930,498903,498902,498901,498900,498895,498894,498893,498892,498891,498890,498889,498888,498282,498280,498223,498261,498259,498239,498238,498237,498236,498235,498234,498233,498232,498231,498230,498229,498228,498227,498226,498225,498240,498260,498241,498243,498258,498257,498256,498255,498254,498253,498252,498251,498250,498249,498248,498247,498246,498245,498244,498242,498147,498146,498145,498041,498040,498039,498038,498037,498036,498035,498034,498033,498032,498031,498030,498029,498028,498027,498042,498026,498043,498045,498067,498066,498065,498064,498063,498062,498061,498060,498059,498058,498057,498056,498055,498054,498046,498044,498068,498025,498023,485582,485583,485584,485588,485589,485590,485591,485607,485608,485618,485619,485620,485621,349653,349657,485581,498024,485580,485578,497909,497908,497907,497906,497878,497877,497871,497870,497869,497868,497867,497866,497865,497864,485577,485579,498069,498070,498071,498125,498124,498123,498122,498121,498120,498119,498118,498117,498116,498115,498114,498113,498112,498111,498126,498110,498127,498129,498144,498143,498142,498141,498140,498139,498138,498137,498136,498135,498134,498133,498132,498131,498130,498128,498109,498108,498107,498086,498085,498084,498083,498082,498081,498080,498079,498078,498077,498076,498075,498074,498073,498072,498087,498088,498089,498090,498106,498105,498104,498103,498102,498101,498100,498932,498099,498097,498096,498095,498094,498093,498092,498091,498098,498953,498954,499048,499264,499263,499262,499261,499260,499259,499258,499257,499256,499255,499254,499253,499252,499251,499250,499265,499249,499266,499268,499283,499282,499281,499280,499279,499278,499277,499276,499275,499274,499273,499272,499271,499270,499269,499267,499284,499248,499246,499226,499225,499224,499223,499222,499221,499220,499219,499218,499217,499216,499215,499214,499213,499212,499227,499247,499228,499230,499245,499244,499243,499242,499241,499240,499239,499238,499237,499236,499235,499234,499233,499232,499231,499229,499285,499286,499287,484936,484937,484938,484939,484940,484941,484942,484943,484944,484945,484946,484951,484952,484953,484954,484935,484955,484934,484932,484917,484918,484919,484920,484921,484922,484923,484924,484925,484926,484927,484928,484929,484930,484931,484933,484956,484957,484958,499302,499301,499300,499299,499298,499297,499296,499295,499294,499293,499292,499291,499290,499289,499288,499303,499304,499305,499306,484959,484960,484961,484962,484963,484964,484965,499211,348629,348633,348634,348635,348636,348637,348638,348639,348630,349658,499210,499208,499111,499110,499109,499108,499107,499106,499105,499104,499103,499102,499101,499100,499099,499098,499097,499112,499096,499113,499115,499130,499129,499128,499127,499126,499125,499124,499123,499122,499121,499120,499119,499118,499117,499116,499114,499131,499095,499093,499063,499062,499061,499060,499059,499058,499057,499056,499055,499054,499053,499052,499051,499050,499049,499064,499094,499065,499067,499092,499091,499090,499089,499088,499087,499086,499085,499084,499083,499082,499081,499080,499079,499068,499066,499132,499133,499134,499188,499187,499186,499185,499184,499183,499182,499181,499180,499179,499178,499177,499176,499175,499174,499189,499173,499190,499192,499207,499206,499205,499204,499203,499202,499201,499200,499199,499198,499197,499196,499195,499194,499193,499191,499172,499171,499170,499149,499148,499147,499146,499145,499144,499143,499142,499141,499140,499139,499138,499137,499136,499135,499150,499151,499152,499153,499169,499168,499167,499166,499165,499164,499163,499209,499162,499160,499159,499158,499157,499156,499155,499154,499161,484916,349659,349661,355791,497095,497094,497093,497092,497091,497090,497089,497088,497087,497086,497085,497084,497083,497082,497096,497081,497097,485989,497099,485975,485976,485977,485978,485979,485980,485981,485982,485983,485984,485985,485986,485987,485988,497098,497100,497080,497078,497058,497057,497056,497055,497054,497053,497052,497051,497050,497049,497048,497047,497046,497045,497044,497059,497079,497060,497062,497077,497076,497075,497074,497073,497072,497071,497070,497069,497068,497067,497066,497065,497064,497063,497061,497043,355797,485970,485927,485928,485929,485930,485931,485932,485933,485934,485935,485936,485937,485938,485939,485940,485941,485926,485942,485925,485923,485908,485909,485910,485911,485912,485913,485914,485915,485916,485917,485918,485919,485920,485921,485922,485924,497101,485943,485945,485965,485966,485967,485968,485969,497111,497110,497109,497108,497107,497106,497105,497104,497103,497102,485964,485944,485963,485961,485946,485947,485948,485949,485950,485951,485952,485953,485954,485955,485956,485957,485958,485959,485960,485962,497042,497041,497040,496181,496180,496179,496178,496177,496176,496175,496174,496173,496172,496171,496170,496169,496168,496167,496182,496166,496183,496185,496200,496199,496198,496197,496196,496195,496194,496193,496192,496191,496190,496189,496188,496187,496186,496184,496201,496165,496163,496143,496142,496141,496140,496139,496138,496137,496136,496135,496134,496133,496132,496131,496130,496129,496144,496164,496145,496147,496162,496161,496160,496159,496158,496157,496156,496155,496154,496153,496152,496151,496150,496149,496148,496146,496202,496203,496204,497013,497012,497011,497010,497009,497008,497007,497006,497005,497004,497003,497002,497001,497000,496999,497014,496885,497015,497017,497039,497038,497037,497036,497035,497034,497033,497032,497031,497030,497022,497021,497020,497019,497018,497016,496884,496883,496882,496219,496218,496217,496216,496215,496214,496213,496212,496211,496210,496209,496208,496207,496206,496205,496220,496221,496222,496223,496855,496854,496853,496845,496844,496843,496842,485907,496232,496230,496229,496228,496227,496226,496225,496224,496231,485906,497112,497113,497205,497204,497203,497202,497201,497200,497199,497198,497197,497196,497195,497194,497193,497192,497191,485773,497190,485772,485770,485755,485756,497207,497206,485759,485760,485761,485762,485763,485764,485765,485766,485767,485768,485769,485771,485754,497189,497187,497177,497176,497175,497174,497173,497172,497171,497170,497169,497168,497167,497166,497165,497164,497163,497178,497188,497179,497181,497186,497185,485785,485786,485787,497184,485788,485789,485790,485791,485792,485793,485794,497183,497182,497180,497208,485753,485752,497239,497238,497237,497236,497235,497234,485722,485723,485724,485725,485726,485727,485728,485729,485730,497240,485731,497241,497243,497258,497257,497256,497255,497254,497253,497252,497251,497250,497249,497248,497247,497246,497245,497244,497242,485732,497233,497232,497220,497219,497218,497217,497216,497215,497214,497213,497212,497211,497210,497209,485749,485750,485751,497221,485741,485740,485739,497231,497230,497229,497228,497227,497226,497225,485802,497224,485733,485734,485735,485736,497222,485737,485738,497223,349660,485803,485805,485883,485884,485885,485886,485887,485888,497143,497142,497141,497140,497139,497138,497137,497136,485889,485882,485890,485881,485879,485864,485865,485866,485867,485868,485869,485870,485871,485872,485873,485874,485875,485876,485877,485878,485880,485863,485891,485893,497124,497123,497122,497121,485902,485903,485904,485905,497120,497119,497118,497117,497116,497115,497114,497125,485892,497126,485901,485894,497135,497134,497133,497132,497131,497130,497129,497128,485895,485896,485897,485898,485899,485900,497127,485862,485861,485860,485823,485824,485825,485826,485827,485828,485829,485830,485831,497160,497159,497158,497157,497156,485832,485822,485833,485821,485819,497162,497161,485806,485807,485808,485809,485810,485811,485812,485813,485814,485815,485816,485817,485818,485820,485834,485835,497155,485850,485851,485852,485853,485854,485855,485856,497148,497147,497146,497145,497144,485857,485858,485859,485849,485848,485847,485846,485836,485837,485838,485839,485840,485841,485842,485804,485843,485845,497154,497153,497152,497151,497150,497149,485844,484915,484914,484913,502176,502175,502174,502173,502172,502171,502170,502169,502168,502167,502166,502165,502164,502163,502162,502177,502161,502178,502180,483933,483934,483935,483936,483937,483938,483939,483940,483941,483942,502185,502184,502183,502182,502181,502179,483932,502160,502158,502003,502002,502001,501983,501982,501981,501980,501979,501978,501977,501976,501975,501974,501973,501972,502019,502159,502020,502022,502157,502128,502127,502126,502125,502124,502123,502122,502121,502028,502027,502026,502025,502024,502023,502021,501971,483931,483929,483885,483886,483887,483888,483889,483890,483891,483892,483893,483894,483895,502199,502198,502197,502196,483884,502195,483883,483881,483866,483867,483868,483869,483870,483871,502205,502204,502203,502202,502201,502200,483878,483879,483880,483882,483930,502194,502192,483914,483915,483916,483917,483918,483919,483920,483921,502190,502189,502188,502187,502186,483927,483928,483913,502193,483912,483910,502191,483896,483897,483898,483899,483900,483901,483902,483903,483904,483905,483906,483907,483908,483909,483911,501970,501969,501959,501275,501274,501273,501272,501271,501270,501269,501268,501267,501266,501265,501264,501263,501262,501261,501276,501260,501277,501279,501294,501293,501292,501291,501290,501289,501288,501287,501286,501285,501284,501283,501282,501281,501280,501278,501295,501259,501257,501237,501236,501235,501234,501233,501232,501231,501230,501229,501228,501227,501226,501225,501224,501223,501238,501258,501239,501241,501256,501255,501254,501253,501252,501251,501250,501249,501248,501247,501246,501245,501244,501243,501242,501240,501296,501297,501298,347617,501351,501350,501349,501348,501347,501346,501345,501344,501343,501342,501341,501340,501339,501338,347616,501337,347615,501380,501958,501957,356820,356814,356813,347605,347606,347607,347608,347609,347610,347611,347612,347613,347614,501379,501336,501335,501334,501313,501312,501311,501310,501309,501308,501307,501306,501305,501304,501303,501302,501301,501300,501299,501314,501315,501316,501317,501333,501332,501331,501330,501329,501328,501327,483865,501326,501324,501323,501322,501321,501320,501319,501318,501325,483864,483863,483862,502296,502295,502294,502293,502292,502291,502290,502289,502288,502287,502286,502285,502284,502283,502282,502297,502281,502298,502300,502309,502308,483719,483720,483721,483722,483723,483724,502307,502306,502305,502304,502303,502302,502301,502299,502310,502280,502279,483746,502267,502266,502265,502264,502263,502262,502261,502260,502259,502258,483757,483758,483759,483760,483745,483725,483744,483742,502278,502277,502276,502275,502274,502273,502272,502271,502270,502269,502268,483738,483739,483740,483741,483743,502311,502312,502313,502344,502343,502342,502341,502340,502339,502338,502337,502336,502335,502334,502333,502332,502331,502330,502345,502329,502346,502348,502363,502362,502361,502360,502359,502358,502357,502356,502355,502354,502353,502352,502351,502350,502349,502347,502328,502327,483688,483709,483710,483711,483712,483713,483714,483715,483716,483717,483718,502318,502317,502316,502315,502314,483708,483707,483706,483705,483689,483690,483691,483692,502326,502325,502324,483761,502323,502321,502320,502319,483701,483702,483703,483704,502322,501222,483762,483764,483833,483834,483835,483836,483837,483838,483839,483840,483841,483842,483843,483844,483845,483846,483847,483832,502229,483831,483830,502233,502232,502231,483818,483819,483820,483821,483822,483823,483824,483825,483826,483827,483828,483829,502230,502234,483848,483850,502214,502213,502212,502211,502210,502209,502208,502207,502206,483856,483857,483858,483859,483860,483861,502215,483849,502216,502218,483851,483852,483853,483854,483855,502228,502227,502226,502225,502224,502223,502222,502221,502220,502219,502217,502235,502236,502237,483783,483784,483785,483786,483787,483788,483789,483790,483791,483792,483793,483794,483795,483796,483797,483782,483798,483781,483779,483765,483766,483767,483768,483769,483770,483771,483772,483773,483774,483775,483776,483777,502257,483778,483780,483799,483800,483801,502243,502242,483809,483810,483811,483812,483813,483814,483815,483816,483817,502241,502240,502239,502238,502244,502245,502246,502247,483802,483803,483804,483805,483806,483807,483808,483763,502256,502254,502253,502252,502251,502250,502249,502248,502255,501221,501220,501219,484704,484705,484706,484707,484708,484709,484710,484711,484712,484713,484714,484715,484716,484726,484727,484703,484728,484702,484700,500086,500085,500084,500083,500082,500081,500080,500079,500078,500077,500076,500075,500074,500073,484699,484701,500087,484729,484731,484744,499953,499933,499932,499931,499930,499929,499928,499927,499926,484745,484746,484747,484748,484749,484743,484730,484742,499955,484732,484735,484736,484737,499979,499978,484738,484739,484740,484741,499977,499976,499975,499974,499973,499954,500088,500089,500090,500157,500156,500155,500154,500153,500152,500151,500150,500149,500148,500147,500146,500145,500144,500143,500158,500142,500159,500161,500176,500175,500174,500173,500172,500171,500170,500169,500168,500167,500166,500165,500164,500163,500162,500160,500141,500140,500139,500118,500117,500116,500115,500114,500113,500112,500111,500110,500109,500108,500107,500106,500092,500091,500119,500120,500121,500122,500138,500137,500136,500135,500134,500133,500132,499925,500131,500129,500128,500127,500126,500125,500124,500123,500130,500177,499924,499922,484860,484861,484862,484863,484864,484865,484866,484867,484868,484869,484870,484871,484872,484873,484874,484859,484875,484858,484856,484841,484842,484843,484844,484845,484846,484847,484848,484849,484850,484851,484852,484853,484854,484855,484857,484840,484876,484878,484898,484899,484900,484901,484902,484903,484904,484905,484906,484907,484908,484909,484910,484911,484912,484897,484877,484896,484894,484879,484880,484881,484882,484883,484884,484885,484886,484887,484888,484889,484890,484891,484892,484893,484895,484839,484838,484837,484783,484784,484785,484786,484787,484788,484789,484790,484791,484792,484793,484794,484795,484796,484797,484782,484798,484781,484779,499921,499920,499913,499912,499911,499910,484762,484763,484764,484765,484766,484767,484768,484769,484770,484780,484799,484800,484801,484822,484823,484824,484825,484826,484827,484828,484829,484830,484831,484832,484833,484834,484835,484836,484821,484820,484819,484818,484802,484803,484804,484805,484806,484807,484808,499923,484809,484811,484812,484813,484814,484815,484816,484817,484810,496128,500178,500180,501101,501100,501099,501098,501097,501003,501002,501001,501000,500999,500998,500997,500996,500979,500978,501102,500977,501103,501105,501141,501140,501139,501138,501137,501136,501135,501134,501133,501132,501115,501114,501113,501112,501106,501104,501142,500958,500956,500325,500324,500323,500322,500321,500320,500319,500318,500317,500316,500315,500314,500313,500312,500311,500326,500957,500327,500356,500955,500954,500953,500952,500951,500950,500949,500948,500947,500946,500945,500936,500935,500934,500933,500355,501143,501144,501145,501199,501198,501197,501196,501195,501194,501193,501192,501191,501190,501189,501188,501187,501186,501185,501200,501184,501201,501203,501218,501217,501216,501215,501214,501213,501212,501211,501210,501209,501208,501207,501206,501205,501204,501202,501183,501182,501181,501160,501159,501158,501157,501156,501155,501154,501153,501152,501151,501150,501149,501148,501147,501146,501161,501162,501163,501164,501180,501179,501178,501177,501176,501175,501174,500310,501173,501171,501170,501169,501168,501167,501166,501165,501172,500179,500309,500307,500228,500227,484582,484583,484584,500226,500225,500224,500223,500222,500221,500220,500219,500218,500217,500229,484595,500230,500232,484561,484562,484563,484564,484565,484566,484567,484568,484569,500238,500237,500236,500235,500234,500233,500231,484560,484596,500215,500195,500194,500193,500192,500191,500190,500189,500188,500187,500186,500185,500184,500183,500182,500181,500196,500216,500197,500199,500214,500213,500212,500211,500210,500209,500208,500207,500206,500205,500204,500203,500202,500201,500200,500198,484559,484558,484557,500287,500286,500285,500284,500283,500282,500281,500280,500279,500278,500277,500276,500275,500274,500273,500288,500272,500289,500291,500306,500305,500304,500303,500302,500301,500300,500299,500298,500297,500296,500295,500294,500293,500292,500290,500271,500270,500269,500248,500247,500246,500245,500244,500243,500242,500241,500240,500239,484552,484553,484554,484555,484556,500249,500250,500251,500252,500268,500267,500266,500265,500264,500263,500262,500308,500261,500259,500258,500257,500256,500255,500254,500253,500260,496127,496126,496125,487980,487981,487982,487983,487984,487985,487986,487987,487988,487989,487990,487991,487992,487993,487994,487979,487995,487978,487976,487961,487962,487963,487964,487965,487966,487967,487968,487969,487970,487971,487972,487973,487974,487975,487977,487960,487996,487998,491107,491106,491105,491104,491103,491102,491101,491100,491099,491093,491092,491091,491090,491089,491088,491108,487997,488025,488020,487999,488000,488001,488002,488003,488004,488005,488006,488007,488008,488009,488016,488017,488018,488019,488024,491087,487959,487957,487906,487907,487908,487909,487910,487911,487912,487913,487914,487915,487916,487917,487918,487919,487920,487905,487921,487904,487902,487887,487888,487889,487890,487891,487892,487893,487894,487895,487896,487897,487898,487899,487900,487901,487903,487958,487922,487924,487944,487945,487946,352723,352729,487947,487948,487949,487950,487951,487952,487953,487954,487955,487956,487943,487923,487942,487940,487925,487926,487927,487928,487929,487930,487931,487932,487933,487934,487935,487936,487937,487938,487939,487941,491086,491085,491084,490998,490997,490996,490995,490994,490993,490992,490991,490990,490989,490988,490987,490986,490985,490984,490999,490983,491000,491002,491017,491016,491015,491014,491013,491012,491011,491010,491009,491008,491007,491006,491005,491004,491003,491001,491018,490982,490980,490960,490959,490958,490957,490956,490955,490954,490953,490952,490951,490950,490949,490948,490947,490946,490961,490981,490962,490964,490979,490978,490977,490976,490975,490974,490973,490972,490971,490970,490969,490968,490967,490966,490965,490963,491019,491020,491021,491075,491074,491073,491072,491071,491070,491069,491068,491067,491066,491065,491064,491063,491062,491061,491076,491060,491077,488036,491083,491082,491081,491080,491079,488026,488027,488028,488029,488030,488031,488032,488033,488034,488035,491078,491059,491058,491057,491036,491035,491034,491033,491032,491031,491030,491029,491028,491027,491026,491025,491024,491023,491022,491037,491038,491039,491040,491056,491055,491054,491053,491052,491051,491050,487886,491049,491047,491046,491045,491044,491043,491042,491041,491048,487885,487884,487883,491990,491989,491988,491987,491986,491985,491984,491983,491982,491981,491980,491979,491978,491977,491976,491991,491975,491992,491994,492009,492008,492007,492006,492005,492004,492003,492002,492001,492000,491999,491998,491997,491996,491995,491993,492010,491974,491972,491952,491951,491950,491949,491948,491947,491946,491945,491944,491943,491942,491941,487770,487771,487772,491953,491973,491954,491956,491971,491970,491969,491968,491967,491966,491965,491964,491963,491962,491961,491960,491959,491958,491957,491955,492011,492012,492013,492067,492066,492065,492064,492063,492062,492061,492060,492059,492058,492057,492056,492055,492054,492053,492068,492052,492069,492071,492083,492082,492081,492080,492079,492078,492077,354775,354774,492076,492075,492074,492073,354769,492072,492070,492051,492050,492049,492028,492027,492026,492025,492024,492023,492022,492021,492020,492019,492018,492017,492016,492015,492014,492029,492030,492031,492032,492048,492047,492046,492045,492044,492043,492042,487773,492041,492039,492038,492037,492036,492035,492034,492033,492040,490945,487774,487776,491765,491764,491763,491762,491761,491760,491759,491758,491757,491756,491755,487841,487842,491754,491753,491766,491735,491767,491868,487833,487834,487835,487836,487837,487838,487839,487840,491883,491882,491881,491880,491879,491870,491869,491768,491884,491734,487848,487868,487869,487870,487871,487872,487873,487874,487875,487876,487877,487878,487879,487880,487881,487882,487867,487847,487866,487864,487849,487850,487851,487852,487853,487854,487855,487856,487857,487858,487859,487860,487861,487862,487863,487865,491885,491886,491887,487796,487797,487798,491935,491934,491933,491932,491931,491930,491929,491928,491927,487799,487800,491926,487795,491925,491936,491938,487777,487778,487779,487780,487781,487782,487783,487784,487785,487786,487787,487788,487789,491940,491939,491937,491924,491923,491922,491916,491915,491914,491913,491912,491911,491910,491909,491903,491902,491901,491891,491890,491889,491888,491917,491918,491919,491920,491921,487807,487808,487809,487810,487811,487812,487775,487813,487815,487816,487817,487818,487819,487820,487821,487814,490944,490943,490942,489022,489021,489020,489019,489018,489017,489016,489015,489014,489013,489012,489011,489010,489009,489008,489023,489007,488695,488693,489030,489029,488680,488681,489028,489027,489026,489025,489024,488687,488688,488689,488690,488691,488692,488694,489031,489006,489004,488984,488983,488982,488981,488980,488979,488978,488977,488976,488975,488974,488973,488972,488971,488970,488985,489005,488986,488988,489003,489002,489001,489000,488999,488998,488997,488996,488995,488994,488993,488992,488991,488990,488989,488987,489032,489033,489040,489842,489841,489837,489836,489835,489834,489833,489832,489831,489830,489829,489828,489824,489823,489822,489843,489821,489844,489846,489869,489868,489867,489866,489865,489864,489863,489862,489861,489860,489859,489858,489857,489856,489855,489845,489820,489819,489818,489056,489055,488661,488662,489054,489053,489052,489051,489050,489049,489048,489044,489043,489042,489041,489057,489058,489059,489060,489719,489718,489717,489716,489715,489714,489713,488969,489712,489705,489704,489703,489686,489685,353746,353752,489711,489873,488968,488966,488795,488796,488797,488798,488799,488800,488801,488802,488803,488804,488805,488806,488807,488808,488809,488794,488810,488871,488873,488888,488887,488886,488885,488884,488883,488882,488881,488880,488879,488878,488877,488876,488875,488874,488872,488889,488811,488813,488822,488823,488845,488844,488843,488842,488841,488840,488839,488831,488832,488833,488834,488835,488836,488821,488812,488820,488818,488870,488869,488867,488866,488865,488864,488863,488862,488861,488860,488859,488858,488857,488856,488855,488819,488890,488891,488892,488946,488945,488944,488943,488942,488941,488940,488939,488938,488937,488936,488935,488934,488933,488932,488947,488931,488948,488950,488965,488964,488963,488962,488961,488960,488959,488958,488957,488956,488955,488954,488953,488952,488951,488949,488930,488929,488928,488907,488906,488905,488904,488903,488902,488901,488900,488899,488898,488897,488896,488895,488894,488893,488908,488909,488910,488911,488927,488926,488925,488924,488923,488922,488921,488967,488920,488918,488917,488916,488915,488914,488913,488912,488919,492084,489874,489876,490711,490710,490709,490084,490083,490082,490081,490080,490079,490078,490077,490076,490075,490074,490073,490728,490068,490729,490731,490846,490845,490844,490843,490842,490743,490742,490741,490740,490739,490738,490737,490736,490735,490734,490730,490847,490067,490065,490045,490044,490043,490042,490041,490040,490039,490038,490037,490036,490035,490034,490033,490032,490031,490046,490066,490047,490049,490064,490063,490062,490061,490060,490059,490058,490057,490056,490055,490054,490053,490052,490051,490050,490048,490855,490856,490857,490922,490921,490920,490919,490918,490917,490916,490915,490914,490913,490912,490911,490910,490909,490908,490923,490907,490924,490926,490941,490940,490939,490938,490937,490936,490935,490934,490933,490932,490931,490930,490929,490928,490927,490925,490906,490905,490904,490883,490882,490881,490880,490879,490869,490868,490867,490866,490865,490864,490861,490860,490859,490858,490884,490885,490886,490887,490903,490902,490901,490900,490899,490898,490897,490030,490896,490894,490893,490892,490891,490890,490889,490888,490895,489875,490029,490027,489930,489929,489928,489927,489926,489925,489924,489923,489922,489921,489920,489919,489918,489917,489916,489931,489915,489932,489934,489949,489948,489947,489946,489945,489944,489943,489942,489941,489940,489939,489938,489937,489936,489935,489933,489950,489914,489912,489892,489891,489890,489889,489888,489887,489886,489885,489884,489882,489881,489880,489879,489878,489877,489893,489913,489894,489896,489911,489910,489909,489908,489907,489906,489905,489904,489903,489902,489901,489900,489899,489898,489897,489895,489951,489952,489953,490007,490006,490005,490004,490003,490002,490001,490000,489999,489998,489997,489996,489995,489994,489993,490008,489992,490009,490011,490026,490025,490024,490023,490022,490021,490020,490019,490018,490017,490016,490015,490014,490013,490012,490010,489991,489990,489989,489968,489967,489966,489965,489964,489963,489962,489961,489960,489959,489958,489957,489956,489955,489954,489969,489970,489971,489972,489988,489987,489986,489985,489984,489983,489982,490028,489981,489979,489978,489977,489976,489975,489974,489973,489980,502364,492085,487671,494962,486746,486747,486748,486749,486750,486751,486752,486753,486754,486755,486756,486757,486758,486759,494963,486760,494971,494973,494994,494993,494992,494991,494990,494989,494988,494987,494986,494985,494984,494983,494982,494975,494974,494972,494995,486761,486763,486783,486784,486785,486786,494951,494839,494838,494837,494836,494835,494834,486787,486788,486789,486790,494952,486762,494953,494955,486764,486765,494961,494960,494959,494958,494957,494956,486772,486773,486774,486775,486776,486777,486778,494954,494807,494996,494998,495051,495050,495049,495048,495047,495046,495045,495044,495043,495042,495041,495040,495039,495038,495037,495052,495036,495053,495055,495070,495069,495068,495067,495066,495065,495064,495063,495062,495061,495060,495059,495058,495057,495056,495054,494997,495035,495033,495013,495012,495011,495010,495009,495008,495007,495006,495005,495004,495003,495002,495001,495000,494999,495014,495034,495015,495017,495032,495031,495030,495029,495028,495027,495026,495025,495024,495023,495022,495021,495020,495019,495018,495016,494806,486791,486792,486905,486906,486907,486908,486909,486910,486911,486912,486913,486914,486915,486916,486917,486918,486919,486904,486920,486903,486901,486886,486887,486888,486889,486890,486891,486892,486893,486894,486895,486896,486897,486898,486899,486900,486902,486885,486921,486923,486943,486944,486945,486946,486947,486948,486949,486950,486951,486952,486953,486954,486955,486956,486957,486942,486922,486941,486939,486924,486925,486926,486927,486928,486929,486930,486931,486932,486933,486934,486935,486936,486937,486938,486940,486884,486883,486882,486828,486829,486830,486831,486832,486833,486834,486835,486836,486837,486838,486839,486840,486841,486842,486827,486843,486826,486824,486793,486794,486795,486796,486797,486809,486810,486811,486812,486813,486814,486815,486816,486817,486818,486825,486844,486845,486846,486867,486868,486869,486870,486871,486872,486873,486874,486875,486876,486877,486878,486879,486880,486881,486866,486865,486864,486863,486847,486848,486849,486850,486851,486852,486853,495071,486854,486856,486857,486858,486859,486860,486861,486862,486855,495072,495073,495074,496028,496027,496026,496025,496024,496023,496022,496021,496020,496019,496018,496017,496016,496015,496014,496029,496013,496030,496032,496047,496046,496045,496044,496043,496042,496041,496040,496039,496038,496037,496036,496035,496034,496033,496031,496048,496012,496010,495979,495978,495977,495976,495975,495862,495861,495860,495859,495858,495831,495830,495829,350676,350677,495980,496011,495981,495983,496009,496008,496007,496006,495999,495998,495997,495996,495995,495994,495988,495987,495986,495985,495984,495982,496049,496050,496051,496105,496104,496103,496102,496101,496100,496099,496098,496097,496096,496095,496094,496093,496092,496091,496106,496090,496107,496109,496124,496123,496122,496121,496120,496119,496118,496117,496116,496115,496114,496113,496112,496111,496110,496108,496089,496088,496087,496066,496065,496064,496063,496062,496061,496060,496059,496058,496057,496056,496055,496054,496053,496052,496067,496068,496069,496070,496086,496085,496084,496083,496082,496081,496080,350681,496079,496077,496076,496075,496074,496073,496072,496071,496078,486958,350682,495206,486646,495126,495125,495124,495123,495122,495121,495120,495119,495118,495117,495116,495115,495114,495113,486645,495112,486644,495127,495137,495136,495135,495134,486632,486633,495133,495132,495131,495130,495129,495128,486640,486641,486642,486643,495138,495111,495109,495089,495088,495087,495086,495085,495084,495083,495082,495081,495080,495079,495078,495077,495076,495075,495090,495110,495091,495093,495108,495107,495106,495105,495104,495103,495102,495101,495100,495099,495098,495097,495096,495095,495094,495092,495139,495140,495141,495186,495185,495184,495183,495182,495181,495180,495179,495178,495177,495176,495175,495174,495173,486601,495187,486602,495188,495190,495205,495204,495203,495202,495201,495200,495199,495198,495197,495196,495195,495194,495193,495192,495191,495189,486603,486604,486605,495156,495155,495154,495153,495152,495151,495150,495149,495148,495147,495146,495145,495144,495143,495142,495157,495158,495159,495160,486606,495172,495171,495170,495169,495168,495167,350683,486613,486615,495166,495165,495164,495163,495162,495161,486614,486959,486960,486961,493054,493053,493052,493051,493050,493049,493048,493047,493046,493045,493044,493043,493042,493041,493040,493055,493039,493056,493058,493073,493072,493071,493070,493069,493068,493067,493066,493065,493064,493063,493062,493061,493060,493059,493057,493074,493038,493036,493016,493015,493014,493013,493012,493011,493010,493009,493008,493007,493006,493005,493004,493003,493002,493017,493037,493018,493020,493035,493034,493033,493032,493031,493030,493029,493028,493027,493026,493025,493024,493023,493022,493021,493019,493075,493076,493077,493131,493130,493129,493128,493127,493126,493125,493124,493123,493122,493121,493120,493119,493118,493117,493132,493116,493133,493135,493152,493151,493150,493149,493148,493147,493146,493145,493142,493141,493140,493139,493138,493137,493136,493134,493115,493114,493113,493092,493091,493090,493089,493088,493087,493086,493085,493084,493083,493082,493081,493080,493079,493078,493093,493094,493095,493096,493112,493111,493110,493109,493108,493107,493106,493001,493105,493103,493102,493101,493100,493099,493098,493097,493104,493153,493000,492998,487637,487638,492132,492131,492130,492129,492128,492127,492126,492125,492124,492123,492122,492117,492116,487628,492115,487627,492759,492904,492903,492792,492791,492790,492789,492788,492787,492786,492785,492784,492783,492782,492781,492780,492758,492905,492114,487656,492094,492093,492092,492091,492090,492089,492088,492087,487664,487665,487666,487667,487668,487669,487670,492095,492113,492096,492098,492112,492111,492110,487657,492109,492108,492107,492106,492105,492104,492103,492102,492101,492100,492099,492097,492906,492907,492908,492978,492977,492976,492975,492974,492973,492972,492971,492970,492969,492968,492967,492966,492965,492964,492979,492963,492980,492982,492997,492996,492995,492994,492993,492992,492991,492990,492989,492988,492987,492986,492985,492984,492983,492981,492962,492961,492960,492939,492938,492937,492936,492935,492934,492927,492926,492925,492914,492913,492912,492911,492910,492909,492940,492941,492942,492943,492959,492958,492957,492956,492955,492954,492953,492999,492952,492950,492949,492948,492947,492946,492945,492944,492951,492086,493154,493156,494131,494130,494129,494128,494127,494126,494125,494124,494123,494122,494121,494120,494119,494118,494117,494132,494116,494133,494135,494150,494149,494148,494147,494146,494145,494144,494143,494142,494141,494140,494139,494138,494137,494136,494134,494151,494115,494113,494093,494092,494091,494090,494089,494088,494087,494086,494085,494084,494083,494082,494081,494080,494079,494094,494114,494095,494097,494112,494111,494110,494109,494108,494107,494106,494105,494104,494103,494102,494101,494100,494099,494098,494096,494152,494153,494154,486981,486982,486983,486984,486985,486986,486987,486988,486989,486990,486991,486992,486993,486994,487000,486980,487001,486979,486977,486962,486963,486964,486965,486966,486967,486968,486969,486970,486971,486972,486973,486974,486975,486976,486978,487002,487003,487004,494170,494169,494167,494166,494165,494164,494163,494162,494161,494160,494159,494158,494157,494156,494155,494171,494172,494173,494174,487005,487006,487007,487008,487009,487010,487011,494078,487012,494181,494180,494179,494178,494177,494176,494175,487013,493155,494077,494075,493978,493977,493976,493975,493974,493973,493972,493971,493970,493969,493968,493967,493966,493965,493964,493979,493963,493980,493982,493997,493996,493995,493994,493993,493992,493991,493990,493989,493988,493987,493986,493985,493984,493983,493981,493998,493962,493960,493815,493814,493813,493812,493811,493810,493809,493808,493807,493783,493782,351700,351705,351706,493157,493927,493961,493928,493930,493959,493958,493951,493950,493949,493948,493939,493938,493937,493936,493935,493934,493933,493932,493931,493929,493999,494000,494001,494055,494054,494053,494052,494051,494050,494049,494048,494047,494046,494045,494044,494043,494042,494041,494056,494040,494057,494059,494074,494073,494072,494071,494070,494069,494068,494067,494066,494065,494064,494063,494062,494061,494060,494058,494039,494038,494037,494016,494015,494014,494013,494012,494011,494010,494009,494008,494007,494006,494005,494004,494003,494002,494017,494018,494019,494020,494036,494035,494034,494033,494032,494031,494030,494076,494029,494027,494026,494025,494024,494023,494022,494021,494028,517628,502365,483677,512530,512529,512528,512527,512526,512525,512524,512523,512522,512521,512520,512519,512518,512517,512516,512531,512515,512532,512534,512549,512548,512547,512546,512545,512544,512543,512542,512541,512540,512539,512538,512537,512536,512535,512533,512550,512514,512512,512492,512491,512490,512489,512488,512487,512486,512485,512484,512483,512482,512481,512480,512479,512478,512493,512513,512494,512496,512511,512510,512509,512508,512507,512506,512505,512504,512503,512502,512501,512500,512499,512498,512497,512495,512477,512551,512553,512619,512618,512617,512616,512615,512614,512613,512612,512611,512597,512596,512595,512594,512593,512592,512620,512591,512621,512623,512645,512644,512643,512642,512641,512640,512639,512631,512630,512629,512628,512627,512626,512625,512624,512622,512552,512590,512588,512568,512567,512566,512565,512564,512563,512562,512561,512560,512559,512558,512557,512556,512555,512554,512569,512589,512570,512572,512587,512586,512585,512584,512583,512582,512581,512580,512579,512578,512577,512576,512575,512574,512573,512571,512476,512475,512474,512256,512255,512254,512253,512252,512251,512250,512249,512248,512247,512246,512245,512244,512243,512242,512257,512241,512258,512260,512371,512370,512273,512272,512271,512270,512269,512268,512267,512266,512265,512264,512263,512262,512261,512259,512372,512227,512225,511605,511604,511603,511602,511601,511600,511599,511598,511597,511596,511595,511594,511593,511592,511591,511606,512226,511607,511616,512207,512206,512205,512204,512203,512202,512201,512200,511623,511622,511621,511620,511619,511618,511617,511615,512373,512374,512375,512454,512453,512452,512451,512450,512449,512448,512447,512446,512445,512444,512443,512442,512441,512440,512455,512439,512456,512458,512473,512472,512471,512470,512469,512468,512467,512466,512465,512464,512463,512462,512461,512460,512459,512457,512438,512437,512436,512415,512414,512407,512406,512405,512404,512403,512402,512401,512400,512399,512398,512378,512377,512376,512416,512417,512418,512419,512435,512434,512433,512432,512431,512430,512429,512646,512428,512426,512425,512424,512423,512422,512421,512420,512427,512647,479849,479848,513424,513423,513422,513421,513402,513401,513400,513399,513398,513397,513396,513395,513394,513297,513296,513425,513295,513426,513428,513448,513447,513446,513445,513444,513443,513442,513441,513440,513439,513438,513437,513431,513430,513429,513427,513449,513294,513292,513269,513268,513251,513250,513249,479605,479606,479607,479608,479609,479610,479611,479612,479613,479614,513270,513293,513271,513273,513291,513290,513289,513288,513284,513283,513282,513281,513280,513279,513278,513277,513276,513275,513274,513272,513450,513451,513452,513506,513505,513504,513503,513502,513501,513500,513499,513498,513497,513496,513495,513494,513493,513492,513507,513491,513508,513510,513525,513524,513523,513522,513521,513520,513519,513518,513517,513516,513515,513514,513513,513512,513511,513509,513490,513489,513488,513467,513466,513465,513464,513463,513462,513461,513460,513459,513458,513457,513456,513455,513454,513453,513468,513469,513470,513471,513487,513486,513485,513484,513483,513482,513481,479615,513480,513478,513477,513476,513475,513474,513473,513472,513479,511590,479648,479650,479760,479761,479762,479763,479764,479765,479766,479767,479768,479769,479770,479771,479787,479788,479789,479759,479790,479758,479756,479741,479742,479743,479744,479745,479746,479747,479748,479749,479750,479751,479752,479753,479754,479755,479757,479740,479791,479793,479816,479817,479818,479819,479820,479821,479822,479823,479824,479825,479843,479844,479845,479846,479847,479815,479792,479814,479812,479794,479795,479796,479797,479798,479799,479800,479801,479805,479806,479807,479808,479809,479810,479811,479813,479739,479738,479737,479683,479684,479685,479686,479687,479688,479689,479690,479691,479692,479693,479694,479695,479696,479697,479682,479698,479681,479679,479664,479665,479666,479667,479668,479669,479670,479671,479672,479673,479674,479675,479676,479677,479678,479680,479699,479700,479701,479722,479723,479724,479725,479726,479727,479728,479729,479730,479731,479732,479733,479734,479735,479736,479721,479720,479719,479718,479702,479703,479704,479705,479706,479707,479708,479649,479709,479711,479712,479713,479714,479715,479716,479717,479710,513526,511589,511587,480668,480669,480670,480671,480672,480673,480674,510457,510456,510455,510454,510453,510452,510451,510450,480667,510449,480666,510459,510474,510473,510472,510471,510470,510469,510468,510467,510466,510465,510464,510463,510462,510461,510460,510458,510475,510448,510446,480690,480691,480692,480693,480694,480695,480696,480697,480698,480699,480700,480701,480702,480703,480704,480689,510447,480688,510430,510445,510444,510443,510442,510441,510440,510439,510438,510437,510436,510435,510434,510433,510432,510431,480687,480705,510476,510478,510518,510517,510516,510515,510514,510513,510512,510511,510510,510509,510508,510507,510506,510505,510504,510519,510503,510520,510522,510537,510536,510535,510534,510533,510532,510531,510530,510529,510528,510527,510526,510525,510524,510523,510521,510477,510502,510500,510491,480639,480640,510490,510489,510488,510487,510486,510485,510484,510483,510482,510481,510480,510479,510492,510501,510493,480638,510499,510498,510497,510496,510495,480628,480629,480630,480631,480632,480633,480634,480635,480636,480637,510494,480706,480707,480708,480787,480788,480789,480790,480791,480792,480793,480794,480795,480796,510411,510410,510409,510408,510407,480786,510406,480785,480783,480768,480769,480770,480771,480772,480773,480774,480775,480776,480777,480778,480779,480780,480781,480782,480784,480767,510405,510403,510388,510387,510386,510385,480815,480816,480817,480818,480819,480820,480821,480822,480823,510384,510383,510389,510404,510390,510392,510402,510401,510400,510399,480810,480811,480812,480813,480814,510398,510397,510396,510395,510394,510393,510391,480766,480765,480764,480728,480729,480730,480731,480732,480733,480734,480735,480736,480737,480738,480739,480740,480741,480742,480727,480743,480726,480724,480709,480710,480711,480712,480713,480714,480715,480716,480717,480718,480719,480720,480721,480722,480723,480725,480744,480745,480746,510425,510424,510423,510422,510421,510420,510419,510418,510417,510416,510415,510414,510413,510412,480763,510426,510427,510428,510429,480747,480748,480749,480750,480751,480752,480753,510538,480754,480756,480757,480758,480759,480760,480761,480762,480755,510539,510540,510541,511477,511476,511475,511474,511473,511472,511471,511470,511469,511468,511467,511466,511465,511464,358868,511478,511463,511479,511481,511496,511495,511494,511493,511492,511491,511490,511489,511488,511487,511486,511485,511484,511483,511482,511480,511497,511462,511460,511441,511440,511439,511438,511437,511436,511435,511434,511433,511432,511431,511430,511429,511428,511427,511442,511461,511443,511445,511459,511458,511457,358860,511456,511455,511454,511453,511452,511451,511450,511449,511448,511447,511446,511444,511498,511499,511500,511554,511553,511552,511551,511550,511549,511548,511547,511546,511545,511544,511543,511542,511541,511540,511555,511539,511556,511558,511573,511572,511571,511570,511569,511568,511567,511566,511565,511564,511563,511562,511561,511560,511559,511557,511538,511537,511536,511515,511514,511513,511512,511511,511510,511509,511508,511507,511506,511505,511504,511503,511502,511501,511516,511517,511518,511519,511535,511534,511533,511532,511531,511530,511529,511426,511528,511526,511525,511524,511523,511522,511521,511520,511527,511588,511425,511423,480471,480472,480473,480474,480475,480476,480477,480478,480479,480480,480481,342491,342492,342493,342494,480470,342495,511174,511176,511218,511217,511216,511202,511201,511200,511185,511184,511183,511182,511181,511180,511179,511178,511177,511175,511219,510599,510597,510568,510567,510566,510565,510564,510563,510550,510549,510548,510547,510546,510545,510544,510543,510542,510569,510598,510570,510572,510596,510595,510594,510593,510592,510591,510583,510582,510581,510580,510579,510578,510575,510574,510573,510571,511220,511221,511222,511403,511402,511401,511400,511399,511398,511397,511396,511395,511394,511393,511392,511391,511390,511383,511404,511382,511405,511407,511422,511421,511420,511419,511418,511417,511416,511415,511414,511413,511412,511411,511410,511409,511408,511406,511381,511380,511379,511237,511236,511235,511234,511233,511232,511231,511230,511229,511228,511227,511226,511225,511224,511223,511238,511239,511240,511241,511378,511377,511376,511375,511353,511352,511351,511424,511350,511348,511347,511249,511245,511244,511243,511242,511349,513527,513528,513529,478427,478428,478429,478430,515718,515717,515716,515715,515714,515713,515712,515711,515704,515703,515702,478426,515701,478425,478423,516366,516365,516364,516351,516350,516349,516348,516347,516326,516325,516324,516323,516322,478421,478422,478424,516367,515700,515698,478587,478588,478589,515671,515670,515669,515668,515667,515666,515665,515664,515663,515662,515661,478590,478586,515699,478585,478583,515697,515696,515695,515694,515693,515692,515691,515690,515689,515688,515687,515686,515685,515684,478582,478584,515660,516466,516468,516536,516535,516534,516533,516532,516531,516530,516529,516528,516527,516526,516525,516524,516523,516522,516537,516521,516538,516540,516555,516554,516553,516552,516551,516550,516549,516548,516547,516546,516545,516544,516543,516542,516541,516539,516467,516520,516518,516497,516496,516495,516494,516493,516492,516491,516476,516475,516474,516473,516472,516471,516470,516469,516498,516519,516499,516501,516517,516516,516515,516514,516513,516512,516511,516510,516509,516508,516507,516506,516505,516504,516503,516500,515659,515658,515657,515566,515565,515564,515563,515562,515561,515560,515559,515558,515557,515556,515555,515554,515553,515552,515567,515551,515568,478626,515582,515581,515580,515579,515578,515577,515576,515575,515574,515573,515572,515571,515570,478624,478625,515569,515583,515550,515548,515529,515528,515527,478641,478642,478643,478644,478645,478646,478647,478648,478649,478650,478651,478652,515530,515549,515531,515533,515547,515546,515545,515544,515543,515542,515541,478640,515540,515539,515538,515537,515536,515535,515534,515532,515584,515585,515586,515638,515637,515636,515635,359884,359883,515634,515633,515632,515631,515630,515629,515628,515627,515626,515639,515625,515640,515642,515656,359892,515655,515654,515653,515652,515651,515650,515649,515648,515647,515646,515645,515644,515643,515641,515624,515623,515622,515601,515600,515599,515598,515597,515596,515595,515594,515593,515592,515591,515590,515589,515588,515587,515602,515603,515604,515605,515621,515620,515619,515618,515617,515616,515615,516556,515614,515612,515611,515610,515609,515608,515607,515606,515613,516557,516558,516559,517530,517529,517528,517525,517524,517523,517522,517521,517520,517519,517518,517517,517516,517515,517500,517531,517499,517532,517534,517549,517548,517547,517546,517545,517544,517543,517542,517541,517540,517539,517538,517537,517536,517535,517533,517550,517498,517496,517345,516741,516740,516739,516738,516737,516736,516735,516734,516729,516728,516727,516726,516725,516724,517346,517497,517347,517349,517495,517494,517493,517492,517491,517490,517391,517390,517389,517373,517372,517371,517370,517351,517350,517348,517551,517552,517553,517607,517606,517605,517604,517603,517602,517601,517600,517599,517598,517597,517596,517595,517594,517593,517608,517592,517609,517611,517626,517625,517624,517623,517622,517621,517620,517619,517618,517617,517616,517615,517614,517613,517612,517610,517591,517590,517589,517568,517567,517566,517565,517564,517563,517562,517561,517560,517559,517558,517557,517556,517555,517554,517569,517570,517571,517572,517588,517587,517586,517585,517584,517583,517582,516723,517581,517579,517578,517577,517576,517575,517574,517573,517580,478653,516722,516720,516612,516611,516610,516609,516608,516607,516606,516605,516604,516603,516602,516601,516600,516599,516598,516613,516597,516614,516616,516631,516630,516629,516628,516627,516626,516625,516624,516623,516622,516621,516620,516619,516618,516617,516615,516632,516596,516594,516574,516573,516572,516571,516570,516569,516568,516567,516566,516565,516564,516563,516562,516561,516560,516575,516595,516576,516578,516593,516592,516591,516590,516589,516588,516587,516586,516585,516584,516583,516582,516581,516580,516579,516577,516633,516634,516635,516689,516688,516687,516686,516685,516684,516683,516682,516681,516680,516679,516678,516677,516676,516675,516690,516674,516691,516693,516719,516718,516717,516716,516715,516714,516713,516712,516711,516710,516709,516708,516696,516695,516694,516692,516673,516672,516671,516650,516649,516648,516647,516646,516645,516644,516643,516642,516641,516640,516639,516638,516637,516636,516651,516652,516653,516654,516670,516669,516668,516667,516666,516665,516664,516721,516663,516661,516660,516659,516658,516657,516656,516655,516662,478654,478655,478656,514490,514489,514488,514487,514486,514485,514484,514483,514482,514481,514480,514479,514478,514477,514476,514491,514475,514492,514494,514509,514508,514507,514506,514505,514504,514503,514502,514501,514500,514499,514498,514497,514496,514495,514493,514510,514474,514472,514449,514448,514447,514446,514445,514444,514426,514425,514424,514423,514422,514421,514420,514419,514418,514450,514473,514451,514453,514471,514470,514469,514468,514467,514466,514465,514464,514463,514462,514461,514460,514459,514455,514454,514452,514511,514512,514513,514567,514566,514565,514564,514563,514562,514561,514560,514559,514558,514557,514556,514555,514554,514553,514568,514552,514569,514571,514586,514585,514584,514583,514582,514581,514580,514579,514578,514577,514576,514575,514574,514573,514572,514570,514551,514550,514549,514528,514527,514526,514525,514524,514523,514522,514521,514520,514519,514518,514517,514516,514515,514514,514529,514530,514531,514532,514548,514547,514546,514545,514544,514543,514542,514320,514541,514539,514538,514537,514536,514535,514534,514533,514540,514587,514319,514317,513582,513581,513580,513579,513578,513577,513576,513575,513574,513573,513572,513571,513570,513569,513568,513583,513567,513584,513586,513601,513600,513599,513598,513597,513596,513595,513594,513593,513592,513591,513590,513589,513588,513587,513585,513602,513566,513564,513544,513543,513542,513541,513540,513539,513538,513537,513536,513535,513534,513533,513532,513531,513530,513545,513565,513546,513548,513563,513562,513561,513560,513559,513558,513557,513556,513555,513554,513553,513552,513551,513550,513549,513547,513603,513604,513605,479447,479448,479449,479450,479451,479452,479453,479454,479455,513670,513669,513668,513667,513666,513665,479446,513664,514274,514276,514316,514315,514314,514313,514305,514304,514303,514302,514301,514300,514299,514298,514297,514296,514295,514275,513663,513655,513654,513620,513619,513618,513617,513616,513615,513614,513613,513612,513611,513610,513609,513608,513607,513606,513621,513635,513636,513637,513653,513652,513651,513650,513649,513648,513647,514318,513646,513644,513643,513642,513641,513640,513639,513638,513645,510382,514588,514590,515487,515486,515485,515484,515483,478714,478715,478716,478717,478718,478719,478720,515482,515481,515480,515488,515479,515489,515491,515503,515502,515501,515500,515499,515498,515497,515496,515495,515494,515493,515492,478711,478712,478713,515490,515504,515478,515476,478730,478731,478732,478733,478734,478735,478736,478737,478738,478739,478740,478741,478742,478743,478744,478729,515477,478728,478726,515475,478721,478722,515474,515473,515472,515471,478723,478724,478725,515470,515469,515468,515451,515450,478727,478710,478709,478708,515519,515518,515517,515516,515515,515514,515513,478669,478670,478671,478672,478673,478674,478675,478676,515520,478677,515521,515523,478657,478658,478659,478660,478661,478662,478663,478664,478665,478666,478667,478668,515526,515525,515524,515522,478678,478679,478680,478700,515511,515510,515509,515508,515507,515506,515505,478701,478702,478703,478704,478705,478706,478707,478699,478698,478697,478696,478681,515512,478682,478683,478684,478685,478686,478745,478687,478689,478690,478691,478692,478693,478694,478695,478688,514589,478746,515449,514643,514642,514641,514640,514639,514638,514637,514636,514635,514634,514633,514632,514631,514630,514629,514644,514628,514645,514660,514675,514674,514673,514672,514671,514670,514669,514668,514667,514666,514665,514664,514663,514662,514661,514646,514676,514627,514625,514605,514604,514603,514602,514601,514600,514599,514598,514597,514596,514595,514594,514593,514592,514591,514606,514626,514607,514609,514624,514623,514622,514621,514620,514619,514618,514617,514616,514615,514614,514613,514612,514611,514610,514608,514677,514678,514679,478775,478776,478777,478781,478782,478783,478784,478785,478786,478787,478788,478789,478790,478791,478792,478774,478793,478773,478771,515448,515447,515446,515445,515444,515443,515442,478763,478764,478765,478766,478767,478768,478769,478770,478772,478794,478795,478796,515298,478820,478821,478822,478823,478824,478825,514694,514693,514692,514691,514690,514689,514688,514687,515299,515300,515321,515322,478797,478798,478799,478800,515343,515342,515341,478747,515340,515328,478801,515327,515326,515325,515324,515323,515339,510381,510380,510379,482684,482685,482686,482687,482688,482689,482690,482691,482692,482693,505237,482695,482696,482697,482698,482683,482699,482682,482680,505248,505247,505246,505245,505244,505243,505242,505241,505240,505239,505238,482676,482677,482678,482679,482681,482665,482700,505236,505099,505098,505097,505096,505095,505094,505093,505092,482735,482736,482737,482738,482739,482740,482741,505100,482701,505101,482721,505199,505198,505197,505196,505195,505194,505193,482713,482714,482715,482716,482717,482718,482719,482720,482722,482742,505249,505251,505304,505303,505302,505301,505300,505299,505298,505297,505296,505295,505294,505293,505292,505291,505290,505305,505289,505306,505308,505323,505322,505321,505320,505319,505318,505317,505316,505315,505314,505313,505312,505311,505310,505309,505307,505250,505288,505286,505266,505265,505264,505263,505262,505261,505260,505259,505258,505257,505256,505255,505254,505253,505252,505267,505287,505268,505270,505285,505284,505283,505282,505281,505280,505279,505278,505277,505276,505275,505274,505273,505272,505271,505269,482743,482744,482745,482817,482818,482819,482820,482821,482822,482823,482824,482825,482826,482827,482828,482829,482830,482831,482816,482832,482815,482813,482801,482802,482803,482804,505029,505028,505027,482805,482806,482807,482808,482809,482810,482811,482812,482814,482800,345559,345561,345568,345569,345570,345571,482856,482857,482858,482859,482860,482861,482862,482863,482864,482865,482866,345567,345560,482845,345565,345562,345563,482833,482834,482835,482836,482837,482838,482839,482840,482841,482842,482843,482844,345564,345566,482799,482798,482797,505089,505088,482763,482764,482765,482766,482767,482768,482769,482770,482771,482772,482773,482774,482775,505090,482776,505091,482761,482746,482747,482748,482749,482750,482751,482752,482753,482754,482755,482756,482757,482758,482759,482760,482762,482777,505087,505086,482782,482783,482784,482785,482786,482787,482788,482789,482790,482791,482792,482793,482794,482795,482796,482781,482780,482779,482778,505074,505073,505056,505055,505054,505053,505050,505324,505049,505047,505046,505045,505044,505043,505042,505041,505048,505325,505326,505327,506281,506280,506279,506278,506277,506276,506275,506274,506273,506272,506271,506270,506269,506268,506267,506282,506266,506283,506285,506300,506299,506298,506297,506296,506295,506294,506293,506292,506291,506290,506289,506288,506287,506286,506284,506301,506265,506263,506118,506117,506116,506115,506114,506113,506112,506111,506110,506109,506098,506097,506080,506079,506078,506119,506264,506120,506122,506262,506261,506260,506259,506223,506222,506221,506220,506219,506218,506217,506126,506125,506124,506123,506121,506302,506303,506304,506358,506357,506356,506355,506354,506353,506352,506351,506350,506349,506348,506347,506346,506345,506344,506359,506343,506360,506362,506377,506376,506375,506374,506373,506372,506371,506370,506369,506368,506367,506366,506365,506364,506363,506361,506342,506341,506340,506319,506318,506317,506316,506315,506314,506313,506312,506311,506310,506309,506308,506307,506306,506305,506320,506321,506322,506323,506339,506338,506337,506336,506335,506334,506333,506073,506332,506330,506329,506328,506327,506326,506325,506324,506331,482867,506072,506070,505380,505379,505378,505377,505376,505375,505374,505373,505372,505371,505370,505369,505368,505367,505366,505381,505365,505382,505384,505399,505398,505397,505396,505395,505394,505393,505392,505391,505390,505389,505388,505387,505386,505385,505383,505400,505364,505362,505342,505341,505340,505339,505338,505337,505336,505335,505334,505333,505332,505331,505330,505329,505328,505343,505363,505344,505346,505361,505360,505359,505358,505357,505356,505355,505354,505353,505352,505351,505350,505349,505348,505347,505345,505401,505402,505403,482521,482522,505478,482528,482529,482530,482531,482532,482533,482534,482535,505477,505476,505475,505474,482520,505473,482519,482511,506069,506068,506067,506066,506065,506053,506052,506051,482504,482505,482506,482507,482508,482509,482510,482518,505447,505446,505445,505418,505417,505416,505415,505414,505413,505412,505411,505410,505409,505408,505407,505406,505405,505404,505419,505420,505421,505422,505444,505443,505442,505441,505434,505433,505432,506071,505431,505429,505428,505427,505426,505425,505424,505423,505430,482868,482869,482870,503300,503299,503298,503297,503296,503295,503294,503293,503292,503291,503290,503289,503288,503287,503286,503301,503285,503302,503304,503319,503318,503317,503316,503315,503314,503313,503312,503311,503310,503309,503308,503307,503306,503305,503303,503320,503284,503282,503262,503261,503260,503259,503258,503257,503256,503255,503254,503253,503252,503251,503250,503249,503248,503263,503283,503264,503266,503281,503280,503279,503278,503277,503276,503275,503274,503273,503272,503271,503270,503269,503268,503267,503265,503321,503322,503323,503377,503376,503375,503374,503373,503372,503371,503370,503369,503368,503367,503366,503365,503364,503363,503378,503362,503379,503381,503396,503395,503394,503393,503392,503391,503390,503389,503388,503387,503386,503385,503384,503383,503382,503380,503361,503360,503359,503338,503337,503336,503335,503334,503333,503332,503331,503330,503329,503328,503327,503326,503325,503324,503339,503340,503341,503342,503358,503357,503356,503355,503354,503353,503352,503247,503351,503349,503348,503347,503346,503345,503344,503343,503350,503397,503246,503244,503025,503007,503006,503005,503004,503003,503002,503001,503000,502999,502998,502997,502996,502995,502994,503026,502993,503027,503042,346590,346591,346592,346593,346594,503052,503051,503050,503049,503048,503047,503046,503045,503044,503043,503041,346589,502982,502980,483558,483559,502404,502403,502375,502374,502373,502372,502371,502370,502369,502368,502367,502366,483676,483557,502981,483556,483546,483528,483529,483530,483531,483532,483533,483534,483535,483536,483537,483541,483542,483543,483544,483545,483553,346588,346587,346586,503224,503223,503222,503221,503220,503219,503218,503217,503216,503215,503214,503213,503212,503211,503210,503225,503209,503226,503228,503243,503242,503241,503240,503239,503238,503237,503236,503235,503234,503233,503232,503231,503230,503229,503227,503208,503207,503206,503185,503184,503183,503182,503151,503150,503149,503148,503147,503146,503145,346582,346583,346584,346585,503186,503187,503188,503189,503205,503204,503203,503202,503201,503200,503199,503245,503198,503196,503195,503194,503193,503192,503191,503190,503197,506378,503398,503426,504371,504370,504369,504368,504367,504366,504365,504364,504363,504362,504361,504360,504359,504358,504357,504372,504356,504373,504375,504390,504389,504388,504387,504386,504385,504384,504383,504382,504381,504380,504379,504378,504377,504376,504374,504391,504355,504353,504333,504332,504331,504330,504329,504328,504327,504326,504325,504324,504323,504322,504321,504320,504319,504334,504354,504335,504337,504352,504351,504350,504349,504348,504347,504346,504345,504344,504343,504342,504341,504340,504339,504338,504336,504392,504393,504394,482890,482891,482892,482893,482894,482895,482896,482897,482904,482905,482906,482907,482908,482909,482910,482889,482911,482888,482886,482871,482872,482873,482874,482875,482876,482877,482878,482879,482880,482881,482882,482883,482884,482885,482887,482912,482913,482914,504409,504408,504407,504406,504405,504404,504403,504402,504401,504400,504399,504398,504397,504396,504395,504410,504411,504414,504415,482915,482916,482917,482918,504453,504452,504451,504318,504450,504422,504421,504420,504419,504418,504417,504416,504423,503399,504317,504315,504218,504217,504216,504215,504214,504213,504212,504175,504174,504173,504172,504171,504170,504169,504077,504219,504076,504220,504222,504237,504236,504235,504234,504233,504232,504231,504230,504229,504228,504227,504226,504225,504224,504223,504221,504238,504075,504073,504025,504024,504023,504022,504021,504020,504019,504018,504017,504006,504005,504004,503429,503428,503427,504026,504074,504027,504029,504072,504071,504070,504069,504068,504067,504066,504065,504064,504063,504051,504050,504049,504031,504030,504028,504239,504240,504241,504295,504294,504293,504292,504291,504290,504289,504288,504287,504286,504285,504284,504283,504282,504281,504296,504280,504297,504299,504314,504313,504312,504311,504310,504309,504308,504307,504306,504305,504304,504303,504302,504301,504300,504298,504279,504278,504277,504256,504255,504254,504253,504252,504251,504250,504249,504248,504247,504246,504245,504244,504243,504242,504257,504258,504259,504260,504276,504275,504274,504273,504272,504271,504270,504316,504269,504267,504266,504265,504264,504263,504262,504261,504268,483678,506379,506381,508515,508514,508504,508503,508502,508501,508500,508499,508498,508497,508496,508495,508494,508493,508492,508516,508491,508517,508519,343520,508550,508549,508548,508547,508546,508545,508544,508535,508534,508533,508532,508531,508521,508520,508518,343519,508490,508488,508468,508467,508466,508465,508464,508463,508462,508461,508460,508459,508458,508457,508456,508455,508454,508469,508489,508470,508472,508487,508486,508485,508484,508483,508482,508481,508480,508479,508478,508477,508476,508475,508474,508473,508471,508453,343518,343516,509339,509335,509334,509333,509332,509331,509330,509329,509328,509304,509303,509302,509301,509300,509299,509340,509198,509341,509343,509358,509357,509356,509355,509354,509353,509352,509351,509350,509349,509348,509347,509346,509345,509344,509342,343517,509197,509195,509170,509169,509168,509153,509152,509139,509138,509137,509136,509126,509125,509124,343513,343514,343515,509171,509196,509177,509179,509194,509193,509192,509191,509190,509189,509188,509187,509186,509185,509184,509183,509182,509181,509180,509178,508452,508451,508450,508367,508366,508365,508364,508363,508362,508361,508360,508359,508358,481504,481505,481506,481507,481508,508368,481509,508369,508371,508379,508378,508377,508376,508375,481496,481497,481498,481499,481500,508374,481502,481503,508373,508372,508370,508380,481510,508356,508336,508335,508334,508333,508332,508331,508330,508329,508328,508327,508326,508325,508324,508323,508322,508337,508357,508338,508340,508355,508354,508353,508352,508351,508350,508349,508348,508347,508346,508345,508344,508343,508342,508341,508339,508381,508382,481495,508430,508429,508428,508427,508426,508425,508424,508423,508422,508421,508420,508419,508418,508417,508416,508431,508415,508432,508434,508449,508448,508447,508446,508445,508444,508443,508442,508441,508440,508439,508438,508437,508436,508435,508433,508414,508413,508412,481484,481485,481486,508393,508392,508391,508390,508389,508388,508387,508386,508385,508384,508383,481494,481483,481482,508394,508395,508411,508410,508409,508408,508407,508406,508405,509359,508404,508402,508401,508400,508399,508398,508397,508396,508403,509360,509361,509362,510197,510196,510195,510194,510193,510192,510177,510176,510162,510161,510160,510151,510150,510149,509574,510198,509573,510199,510201,510216,510215,510214,510213,510212,510211,510210,510209,510208,510207,510206,510205,510204,510203,510202,510200,510217,509572,509570,509540,509539,509538,509527,509526,509525,509524,509523,509522,509521,509520,509519,509518,509517,509516,509541,509571,509542,509544,509569,509568,509567,509559,509558,509557,509556,509555,509551,509550,509549,509548,509547,509546,509545,509543,510218,510219,510220,480839,480840,480841,480842,480843,480844,480845,510374,510373,510372,510371,510370,480846,480847,480848,480838,480849,480837,480835,510378,510377,510376,510375,480824,480825,480826,480827,480828,480829,480830,480831,480832,480833,480834,480836,510369,510368,510367,510352,510329,510328,510327,510326,510325,510324,510323,480868,480869,480870,480871,480872,510225,510221,510353,510354,510355,510356,510366,510365,510359,510358,480857,480858,480859,509515,480860,480862,480863,480864,480865,480866,480867,510357,480861,508321,509514,509512,509415,509414,509413,509412,509411,509410,509409,509408,509407,509406,509405,509404,509403,509402,509401,509416,509400,509417,509419,509434,509433,509432,509431,509430,509429,509428,509427,509426,509425,509424,509423,509422,509421,509420,509418,509435,509399,509397,509377,509376,509375,509374,509373,509372,509371,509370,509369,509368,509367,509366,509365,509364,509363,509378,509398,509379,509381,509396,509395,509394,509393,509392,509391,509390,509389,509388,509387,509386,509385,509384,509383,509382,509380,509436,509437,509438,509492,509491,509490,509489,509488,509487,509486,509485,509484,509483,509482,509481,509480,509479,509478,509493,509477,509494,509496,509511,509510,509509,509508,509507,509506,509505,509504,509503,509502,509501,509500,509499,509498,509497,509495,509476,509475,509474,509453,509452,509451,509450,509449,509448,509447,509446,509445,509444,509443,509442,509441,509440,509439,509454,509455,509456,509457,509473,509472,509471,509470,509469,509468,509467,509513,509466,509464,509463,509462,509461,509460,509459,509458,509465,508320,508319,508318,507344,507343,507342,507341,507340,507339,507338,507337,507336,507335,507334,507333,507332,507331,507330,507345,507329,507346,507348,507363,507362,507361,507360,507359,507358,507357,507356,507355,507354,507353,507352,507351,507350,507349,507347,507364,507328,507326,507306,507305,507304,507303,507302,507301,507300,507299,507298,507297,507296,507295,507294,507293,507292,507307,507327,507308,507310,507325,507324,507323,507322,507321,507320,507319,507318,507317,507316,507315,507314,507313,507312,507311,507309,507365,507366,507367,507421,507420,507419,507418,507417,507416,507415,507414,507413,507412,507411,507410,507409,507408,507407,507422,507406,507423,507425,507440,507439,507438,507437,507436,507435,507434,507433,507432,507431,507430,507429,507428,507427,507426,507424,507405,507404,507403,507382,507381,507380,507379,507378,507377,507376,507375,507374,507373,507372,507371,507370,507369,507368,507383,507384,507385,507386,507402,507401,507400,507399,507398,507397,507396,507291,507395,507393,507392,507391,507390,507389,507388,507387,507394,507441,507290,507288,506433,506432,506431,506430,506429,506428,506427,506426,506425,506424,506423,506422,506421,506420,506419,506434,506418,506435,506437,506452,506451,506450,506449,506448,506447,506446,506445,506444,506443,506442,506441,506440,506439,506438,506436,506453,506417,506415,506395,506394,506393,506392,506391,506390,506389,506388,506387,506386,506385,357837,506384,506383,506382,506396,506416,506397,506399,506414,506413,506412,506411,506410,506409,506408,506407,506406,506405,506404,506403,506402,506401,506400,506398,506454,506455,506456,507142,507141,507140,507139,507138,507137,507136,507135,507134,507133,507132,507122,507121,507105,507104,507143,507103,507144,507146,507287,507286,507285,507284,507283,507282,507255,507245,507244,507243,507242,507150,507149,507148,507147,507145,507096,507095,507094,506502,506501,506500,506499,506498,506497,506471,506470,506469,357844,506468,506467,506466,506465,506457,506503,344546,344545,344544,507093,507092,507091,507090,507089,507077,507076,507289,507075,344537,344538,344539,344540,344541,344542,344543,344536,506380,507442,507444,481724,481725,481726,481727,481728,481729,481730,481731,481732,481733,481734,481735,481736,481737,481738,481723,481739,481722,481720,481693,481694,481695,481696,481697,481698,481711,481712,481713,481714,481715,481716,481717,481718,481719,481721,481692,481740,481742,481762,481763,481764,481765,481766,481767,481768,481769,481770,481771,481772,481773,481774,481775,481776,481761,481741,481760,481758,481743,481744,481745,481746,481747,481748,481749,481750,481751,481752,481753,481754,481755,481756,481757,481759,481691,481690,481689,508170,508169,508168,508167,508166,508165,508164,508163,508162,508161,508160,508159,508158,508157,508156,508171,508155,508172,508174,508317,508316,508315,508314,508313,508312,508311,508310,508309,508308,508307,508306,508305,508280,508279,508173,508154,508146,508145,481660,481661,481662,481663,481664,481665,481666,481667,481668,481672,481673,481674,481675,481676,481688,481659,481658,481657,481656,508144,508129,508128,508116,508115,508114,508113,481777,508112,508101,508100,508099,481652,481653,481654,481655,508102,507443,481778,481780,481892,481893,481894,481895,507525,507524,507523,507522,507521,507520,507496,507495,507494,507493,507492,481891,507491,481890,481888,481869,481870,481871,481872,481873,507527,507526,481880,481881,481882,481883,481884,481885,481886,481887,481889,481868,507490,507479,507459,507458,507457,507456,507455,507454,507453,507452,507451,507450,507449,507448,507447,507446,507445,507460,507480,507461,507463,507478,507477,507476,507475,507474,507473,507472,507471,507470,507469,507468,507467,507466,507465,507464,507462,481867,481866,481865,481800,481801,481802,481803,481804,481805,481806,481807,481808,481809,481810,481811,481812,481813,481814,481799,481815,481798,481796,481781,481782,481783,481784,481785,481786,481787,481788,481789,481790,481791,481792,481793,481794,481795,481797,481816,481817,481818,481850,481851,481852,481853,481854,481855,481856,481857,481858,481859,481860,481861,481862,481863,481864,481849,481848,481847,481846,481819,481820,481821,481833,481834,481835,481836,481779,481837,481839,481840,481841,481842,481843,481844,481845,481838,464374,472654,550510,546235,546234,546233,546232,546231,546230,546229,453077,453078,546228,546227,546226,546225,546224,546223,546222,546221,546220,546219,546218,546217,546216,546215,546214,741766,546236,551305,546237,551304,546238,559449,559411,559410,559409,559408,559407,559406,559405,559404,453065,453066,741767,453067,453069,453070,453071,453072,453073,453074,453075,453076,733395,551301,551302,551303,453068,546213,546212,546211,551312,551313,551314,551315,551316,551317,551318,551319,551320,551321,551322,551323,551311,551324,551326,551327,453079,453080,453081,551328,551329,551330,546194,546193,551331,551332,551325,559450,551310,551308,546210,546209,546208,546207,546206,546205,546204,546203,718108,718107,718106,718105,551309,560763,560765,718076,546202,546201,546200,546199,546198,546197,546196,546195,551306,551307,560764,551333,733418,718147,453031,453032,453033,453034,560735,560736,718226,718225,718224,718223,560743,718196,718195,546261,718194,718193,718192,718191,546260,546259,546258,718190,718189,718188,718183,453030,546262,546263,453029,546270,546269,546268,546267,546266,546265,560725,560726,560727,559453,559452,560728,718182,560729,560731,560732,560733,560734,546264,453023,453024,453025,453026,453027,559451,453028,560730,718181,718180,718179,733541,733540,733539,546246,546245,546244,733531,733530,733529,733528,546243,546242,733542,551217,733482,733481,733465,733464,546241,546240,551267,551268,733419,546239,718149,718148,551218,718146,733550,733552,718178,718177,718176,733576,546257,733563,733562,733561,733560,733559,733558,733557,733551,733556,733554,546256,546255,546254,546253,546252,546251,546250,546249,546248,546247,733553,733555,546271,551334,551336,551443,551444,551445,551446,551447,551448,551449,551450,551451,551452,551453,551454,551455,551456,551457,551458,551459,551460,551461,453133,453134,453135,453136,453137,453138,551442,453121,453120,453119,551439,551440,551441,453101,453102,453103,453104,453105,453106,453107,546184,546183,453139,546182,546180,453108,453109,453110,453111,453112,453113,453114,453115,453116,453117,453118,546181,551462,551463,551464,551486,551487,551488,551489,453149,453150,453151,718056,718055,453152,453153,453154,551485,453155,718053,453157,453158,453159,453160,453161,718052,718051,718050,551490,551491,551492,453156,551438,551484,551482,551465,551466,551467,551468,453140,453141,453142,453143,551469,551470,551471,551472,551483,551473,551475,551476,551477,453144,453145,453146,551478,551479,453147,453148,551480,551481,551474,551335,551437,718075,551367,551368,551369,551370,551371,551372,551373,551374,551375,551376,551377,551378,551379,551380,551381,551382,551383,551384,551385,551386,551387,551388,551389,551390,453082,551366,551365,551364,551363,551337,551338,551339,551340,551341,551342,551343,551344,551345,551346,551347,551348,453083,551349,551351,551352,551353,551354,551355,551356,551357,551358,551359,551360,551361,551362,551350,453084,453085,551391,551413,551414,551415,551416,551417,551418,551419,551420,551421,551422,551423,551424,551412,551425,551427,551428,551429,551430,551431,551432,546192,551433,551434,551435,551436,546185,551426,718065,551411,551409,453086,551392,453087,453088,453089,453090,453091,453092,453093,453094,551393,551394,551410,551395,551397,551398,551399,551400,551401,551402,551403,551404,551405,551406,551407,551408,551396,551493,546272,546274,460270,460269,460268,460267,460266,460265,460264,460263,460262,460261,460260,460259,460258,460257,460256,460255,460254,460253,460252,460251,460250,460249,460248,550404,550405,460271,460272,460273,460274,550400,550401,550402,550403,460296,460295,460294,460293,460292,460291,460290,460289,550406,460288,460286,460285,460284,460283,460282,460281,460280,460279,460278,460277,460276,460275,460287,550407,550408,550409,559491,559490,559489,559488,460195,460194,460193,550431,550432,550433,550434,550435,559492,550436,550438,550439,550440,453001,453002,453003,453004,453005,550441,550442,550443,550444,550437,550399,460196,460198,550410,460240,460239,460238,460237,460236,550411,550412,550413,550414,550415,550416,460197,550417,550419,550420,550421,550422,550423,550424,550425,550426,550427,550428,550429,550430,550418,550445,550398,550396,559500,559499,559498,559497,559496,559495,720325,720326,720327,720328,720330,720331,720332,720333,559494,559493,560692,560693,560694,560695,560696,560697,718269,718268,460325,559501,720317,559502,559509,559527,546373,546372,546371,546370,546369,546368,546367,546366,559526,559525,559524,460324,559523,559521,559520,559519,559518,559517,559516,559515,559514,559513,559512,559511,559510,559522,550371,550372,550373,460300,460299,460298,460297,546361,546360,546359,546358,546357,546356,546355,546354,460301,550382,550384,550385,550386,550387,550388,550389,550390,550391,550392,550393,550394,550395,550383,550397,546362,546364,550374,550375,550376,550377,550378,550379,550380,550381,560698,560699,560700,560701,546363,560702,460312,460311,460310,460309,460308,460307,460306,460305,460304,460303,460302,546365,560703,546273,550446,550448,734558,734557,734556,546314,546313,546312,546311,546310,546309,546308,546307,546306,734555,734554,734553,734505,734489,546305,546304,546303,546302,546301,546300,546299,546298,546315,546316,546317,546318,734562,734561,453009,453010,559460,559459,453016,559458,453017,734560,734559,741604,546297,741605,546330,546329,546328,546327,546326,546325,546324,546323,546322,546321,546320,546319,741606,546296,734488,734442,546287,546286,546285,546284,546283,546282,546281,546280,546279,560715,560716,560717,546288,560718,559455,559454,560719,560720,560721,560722,560723,560724,546278,546277,546276,546275,559456,560714,546289,546291,546295,741654,741655,741656,741657,741658,741659,741660,734441,734418,551134,551135,546290,551136,733633,741661,741662,741663,741664,741665,741666,741667,741668,546294,546293,546292,733634,550447,560713,560711,550476,550477,550478,550479,550480,550481,550482,550483,550484,550485,550486,550487,550488,550489,550490,550491,550492,546352,546351,546350,546349,546348,546347,546346,546345,550475,550474,550473,550472,550449,453006,550450,550451,550452,550453,550454,550455,550456,550457,550458,550459,546344,550460,550462,550463,550464,550465,550466,550467,550468,550469,550470,546353,734657,550471,550461,546343,546342,546341,734576,734575,546338,546337,546336,546335,546334,546333,546332,546331,741584,741585,734577,741586,741588,734574,734565,734564,734563,741589,741590,560706,560707,560708,560709,560710,741587,560712,734578,734580,546340,546339,550493,550494,550504,560704,550505,550506,550507,550508,550509,550511,734579,550512,550514,550515,550516,734600,550527,734586,734585,734584,560705,734583,734582,734581,550513,460326,551494,551496,731481,731480,731479,731478,552482,552483,552484,552485,721358,552486,552487,552488,552489,552490,552491,552492,552493,552494,552495,552496,552497,552498,552499,552500,552501,552481,552480,552479,552478,731509,731508,731507,731506,731505,731504,731503,731502,552464,552465,552466,552467,731457,552468,552470,717124,717123,731494,731493,552471,552472,552473,552474,552475,552476,552477,552469,552502,558718,558717,731416,552526,552527,552528,552529,552530,552531,552532,731384,731383,731382,731381,552525,552533,552535,552536,552537,552538,552539,731373,731372,731367,731366,731365,731364,731363,552534,731510,552524,552522,552503,552504,552505,552506,552507,552508,552509,552510,552511,552512,552513,552514,552523,731442,731440,731439,731438,731435,731434,552515,552516,552517,552518,552519,552520,552521,731441,731362,731511,731513,717164,717160,717159,717158,717157,463342,463343,463344,463345,731596,731595,731594,731593,731592,731591,731590,552413,552414,463346,463347,463348,731587,731586,552415,552416,731597,731598,731599,721357,721342,721348,463332,463333,463334,721349,721351,721352,721353,552407,463335,552408,552417,552409,552411,463336,463337,463338,463339,463340,463341,552412,731602,731601,731600,721354,552410,552418,552419,552420,552443,552444,552445,552446,552447,552448,552449,552450,552451,552452,731529,552453,552442,552454,552456,552457,552458,552459,552460,552461,552462,552463,731517,731516,731515,731514,552455,731512,552441,552439,552421,552422,463349,463350,463351,552423,552424,552425,552426,552427,552428,552429,552440,552430,552432,552433,717156,717155,717154,717153,717152,552434,552435,552436,552437,552438,552431,721341,731361,731359,458242,458241,458240,458239,458238,458237,458236,458235,458234,458233,458232,546077,546076,463354,463355,463356,458231,458230,458229,458228,458227,458226,458225,458224,458223,458243,458244,458248,458249,458280,458279,458278,458277,458276,458275,458274,458273,730479,458266,458265,458264,458222,458263,458261,458260,458259,458258,458257,458256,458255,458254,458253,458252,458251,458250,458262,458221,458220,730470,458201,458200,458191,458190,458189,458188,458187,458186,458185,458184,463360,730419,458202,730418,730416,730415,730414,730413,730412,730411,730410,730392,730366,730365,730364,730363,730417,458281,458203,458205,730469,730458,730457,730456,730455,463357,463358,463359,730454,730436,730435,730434,458204,730433,458213,458212,458211,458210,458209,717082,717081,717080,458208,458207,458206,717041,730432,731360,458282,458284,552559,552562,552563,463352,463353,546080,546079,552575,371148,371149,371150,371151,371152,730579,730578,730577,546078,730576,730567,730566,730565,730564,730563,730562,458322,552558,552557,552556,552555,731358,552540,552541,552542,552543,558716,558696,558695,558687,558686,558685,558684,458321,558683,552544,731348,558681,558680,558679,558678,558677,558676,558675,552552,552553,552554,558682,458320,558674,558673,458310,458309,458308,458307,458306,458305,458304,458303,458302,458301,458300,458299,458311,458298,458296,458295,458294,458293,458292,458291,458290,458289,458288,458287,458286,458285,458297,458283,458312,458314,558672,558671,558670,558669,558668,558667,730505,730493,730492,730491,730490,730489,458313,458319,458317,730488,730487,730486,730485,730484,730483,730482,730481,730480,458316,458315,458318,551495,721292,717165,459276,459275,459274,459273,459272,459271,459270,459269,459268,459267,459266,459265,459264,459263,459262,459261,559341,459260,459259,459258,459257,559340,559339,559338,559337,459277,459278,459279,459280,453192,453193,453194,453195,453196,453197,453198,453199,453200,453201,453202,459303,559336,459302,459300,459299,459298,459289,459288,459287,459286,459285,459284,459283,459282,459281,459301,559335,459256,459255,459213,459212,459211,459210,459209,732625,732624,732623,732622,732621,732620,721125,459214,721130,721138,721139,721140,721141,721142,721143,721144,721145,721146,721147,721148,721180,721137,453191,459215,459225,459254,459253,459252,459251,459250,459249,459248,459247,459246,459245,459244,459239,459224,459238,459236,459235,459234,459233,459232,459231,459230,459229,721110,459228,459227,459226,459237,732619,453190,453188,453167,453168,551519,551528,551529,551530,551531,551532,551533,551534,551535,551536,551537,551538,551539,551540,551551,453169,453170,453171,453172,453173,453174,453175,459347,453166,551518,551517,551516,551497,718039,718038,718037,551498,551499,551500,551501,551502,551503,551504,551505,459346,551506,551508,551509,551510,551511,551512,551513,551514,453162,453163,453164,453165,551515,551507,459345,459344,459343,453185,453186,453187,459321,459320,459319,459318,459317,459316,459315,375239,375240,453184,375241,375243,459314,459313,459312,459311,459310,459309,459308,459307,459306,459305,459304,375242,453189,453183,459322,459342,459341,459340,459339,459338,459337,459336,459335,453176,453177,453178,453179,453182,453180,459334,459333,459332,459331,459330,459329,459328,459327,459326,459325,459324,459323,453181,721270,732618,732616,552361,552362,552363,552364,721253,552365,552366,552367,552368,552369,552370,552371,552372,552373,552374,552375,552376,552377,552378,552379,552380,552381,552382,552383,552384,552360,552359,552358,552357,552331,552332,552333,552334,552335,552336,552337,552338,552339,552340,552341,552342,552385,552343,552345,552346,552347,552348,552349,552350,552351,552352,552353,552354,552355,552356,552344,721254,721255,721256,463328,552398,552399,552400,552401,552402,552403,552404,552405,552406,721265,721266,463327,717201,717171,463329,463330,463331,717170,721267,721268,721269,717169,717168,717167,717166,717200,552330,463326,552397,721257,721258,552386,552387,552388,552389,552390,552391,552392,552393,552394,721259,463325,721260,463323,463324,721262,717246,717245,717215,717203,717202,721263,721264,552395,552396,721261,732617,552329,552327,732533,732532,732531,732530,732529,732528,732527,732526,732518,732517,732516,732505,732504,732503,732465,732464,732463,732458,732440,732406,732396,732395,732383,732382,732372,732534,732535,732536,732537,732615,732610,459174,459173,459172,459171,459170,459169,732553,546179,463266,463267,732371,463268,463269,546149,546148,546147,546146,732540,732539,732538,721181,374219,374218,374217,741820,374216,552160,552161,721250,721251,721252,546097,546096,546086,546085,463309,463310,463311,463312,463313,721249,546084,546082,546081,547375,463319,463320,463321,463322,552241,552242,552291,552292,552326,546083,552328,721248,721246,721203,721204,721208,721213,721214,721215,721216,721217,721228,721229,721230,721231,721247,721232,721234,721235,721236,721237,721238,721239,721240,721241,721242,721243,721244,721245,721233,460327,460328,460329,548375,548376,548377,548378,548379,548380,548381,547303,547302,547301,548382,548383,548384,547300,547299,547298,547297,547296,548385,548386,548387,548388,548389,548390,548391,548374,548373,548372,548371,548345,548346,548347,548348,548349,548350,548351,548352,548353,548354,548355,548356,548392,548357,548359,548360,548361,548362,548363,548364,548365,548366,548367,548368,548369,548370,548358,548393,548394,548395,548414,548415,548416,548417,548418,548419,560522,560523,548420,548421,548422,548423,548413,548424,548426,548427,548428,548429,548430,548431,548432,548433,548434,548435,548436,548437,548425,548344,548412,548410,548396,548397,548398,548399,560518,560519,560520,547295,547294,547293,547292,547291,548411,547290,548401,548402,548403,548404,548405,548406,548407,548408,548409,560521,452015,452014,548400,548438,548343,548341,548296,548297,548298,547334,547333,547332,547331,547330,547329,547328,547327,547326,547325,548299,548300,548301,548302,548303,548304,548305,548306,548307,548308,548309,548310,548295,548294,548293,548292,719089,719098,719099,719100,719101,548275,548276,548277,719131,719132,719133,719134,548311,548278,548280,548281,548282,548283,548284,548285,548286,548287,548288,548289,548290,548291,548279,548312,560516,560517,547305,547304,719166,719167,719170,719171,719172,719173,719174,548324,548325,548326,547306,548327,548329,548330,548331,548332,548333,548334,548335,548336,548337,548338,548339,548340,548328,548342,547307,547309,548313,548314,548315,548316,548317,548318,548319,548320,548321,548322,548323,547324,547308,547323,547321,547320,547319,547318,547317,547316,547315,547314,547313,547312,547311,547310,547322,719088,548439,719200,547247,547246,547245,547244,547243,547242,547241,547240,547239,547238,461369,461368,461367,461366,461365,461364,461363,461362,559741,547237,547236,547235,547234,547233,547232,547248,547249,547250,461370,547259,547258,547257,461387,461386,461385,461384,461383,461382,461381,461380,461379,547231,547256,547254,547253,547252,547251,461378,461377,461376,461375,461374,461373,461372,461371,547255,547230,547229,547228,559704,559703,559702,547220,547219,547218,547217,547216,547209,547208,559701,559700,547221,559699,559697,559696,559695,559694,559693,559692,559691,559690,559689,461336,547207,461335,559698,547260,547222,559706,559740,559739,559719,559711,559710,461361,461360,461359,547227,547226,547225,547224,559705,547223,461357,461356,461355,461354,461353,461352,461351,461350,461349,559709,559708,559707,461358,548440,547261,547263,560538,560539,560540,451999,560541,560542,548460,548464,548465,719201,560543,560544,451994,560545,719202,719203,719204,548466,548467,548468,548480,548481,719205,719206,719212,560537,560536,560535,452000,548441,548442,548443,548444,548445,548446,548455,548456,548457,548458,548459,560524,719213,560525,560534,452011,452010,452009,452008,452007,452006,452005,452004,452003,452002,452001,560526,719214,719215,719216,547276,547275,547274,547273,547272,547271,547270,547269,547268,547267,547266,547265,547277,560546,737564,737563,737562,737561,737511,737489,737488,737487,737486,461389,461388,547264,737565,547262,547278,547280,719217,719218,719219,719220,719247,719248,719292,719293,737727,737672,737651,737650,547279,737649,737647,737575,737574,547289,547288,547287,547286,547285,547284,547283,547282,547281,737648,461334,719081,719079,739617,739616,739615,739614,739613,462360,462359,462358,462357,462356,462355,462354,462353,462352,462351,739612,739611,462350,462349,462348,462347,462346,462345,462344,462343,739620,452111,452110,452109,547432,547433,547434,547435,739697,739696,547441,547442,547443,547444,547457,547458,462342,739621,560483,560482,560481,560480,560479,560478,560477,560476,560475,560474,560473,560434,452096,462341,462340,452112,462329,462328,462327,462326,462325,462324,462323,462322,452133,452134,452135,452136,462330,452137,452139,452140,462321,452141,452142,452143,452144,452145,452146,452147,452148,452149,452138,547431,462331,462333,452113,452114,452115,452116,452117,452118,452119,452120,452121,452122,452123,452124,462332,452125,452127,452128,452129,452130,452131,452132,462339,462338,462337,462336,462335,462334,452126,452150,547430,547428,547403,547404,547405,547406,547407,547408,547409,547410,547411,547412,547413,369100,369101,369102,369103,369104,462412,462411,462410,462409,462408,462407,462406,462405,462404,547402,547401,547400,547399,547376,547377,547378,547379,739774,739773,547380,547381,547382,547383,547384,547385,462403,547386,547388,547373,547389,547390,547391,547392,547393,547394,547395,547396,547397,547398,547387,462402,462401,547372,739720,547422,462386,462385,462384,462383,462382,462381,462380,462379,452087,452088,547421,452089,462377,462376,462375,462374,547423,452090,452091,452092,452093,452094,452095,547427,462378,547429,547420,462387,547371,547370,547369,547368,547367,547366,462400,547365,547364,462399,462398,547414,547419,462397,462395,462394,462393,462392,462391,547415,547416,547417,547418,462390,462389,462388,462396,719080,452151,452153,560365,560364,560363,560362,560361,738511,738510,452021,560360,560359,547351,547350,547349,547348,547347,547346,547345,547344,547343,547342,547341,547340,547339,547338,548144,738535,452043,738583,738584,452060,452059,452058,452057,452056,452055,452054,452053,452052,452051,452050,452049,548145,738598,452047,738597,738591,738590,738589,738588,738587,738586,738585,452046,452045,452044,452048,547337,547336,547335,548256,548257,548258,548259,548260,548261,548262,548263,548264,548265,548266,548267,548255,548268,548270,548271,548272,548273,548274,719061,719062,719063,719075,719076,719077,719078,548269,452061,548254,548252,548194,548195,548196,548228,548229,548230,548231,548232,452020,560512,560513,548233,548253,548240,560515,548241,548242,548243,548244,548245,548246,548247,548248,548249,548250,548251,560514,452152,548059,548057,452083,452082,547356,462318,462317,452172,452173,452174,547355,452175,452081,452080,452079,452176,452177,452178,560433,560432,560431,560430,462316,462315,462314,462313,462312,462319,462320,452084,452085,452154,452155,452156,452157,452158,452159,547363,547362,547361,547360,452160,452161,462311,452162,452164,452165,452166,452167,452168,452169,452170,452171,452086,547359,547358,547357,452163,462310,739610,739609,462288,462287,462286,462285,560429,560428,560427,560426,560425,739535,739534,462245,462295,462244,462242,547354,547353,547352,738750,738696,738673,738672,452063,452062,738671,548056,462243,548058,462296,462298,462309,462308,462307,452078,560484,452071,452070,452069,452068,452067,452066,452065,462297,452064,462305,462304,462303,462302,462301,462300,462299,739608,739607,739606,739559,739558,462306,461333,461332,559688,559582,559581,559580,559579,559578,559577,559576,559575,559574,559573,559572,559571,559570,559569,720156,720157,720158,720185,720186,720187,720188,720189,720190,720191,720192,559583,559584,559585,559586,560677,560678,560679,560680,549468,549469,549470,549479,549480,549481,549482,549483,720193,549484,549486,549487,549488,549489,549490,549491,549492,549503,720124,720125,559588,559587,549485,720194,559568,559567,735528,735514,735513,735465,720223,720224,735442,550107,550108,720225,550109,550110,735529,550111,370125,370126,370127,370128,370129,720226,720227,546434,546433,546420,546419,546418,370124,549467,735580,735582,559566,720198,720199,720200,720201,720202,735681,735624,735609,735608,735607,735606,735581,735605,735603,735602,735601,735600,735599,735598,735588,735587,735586,735585,735584,735583,735604,546410,549466,549465,559590,560654,559589,720121,560655,560656,560657,560658,560659,560660,549407,560661,560662,549408,549409,549410,549411,549412,549413,560663,560664,560665,560666,560667,549414,549406,549405,549404,560653,560638,560639,560640,560641,720105,560642,560643,560644,560645,560646,560647,560648,549415,720112,559595,559594,560649,560650,560651,559593,559592,559591,549401,549402,549403,560652,720113,549416,549417,549418,549444,549445,549446,549447,549448,549449,549450,549451,549452,549453,549454,549455,549443,549456,549458,549459,549460,560671,560672,560673,560674,560675,549461,549462,549463,549464,549457,560676,549442,720122,549419,549420,549421,549422,549423,549424,549425,549426,549427,549428,549429,560668,720123,549430,549432,560669,549433,549434,549435,549436,560670,549437,549438,549439,549440,549441,549431,560637,546409,720228,550333,550334,550335,550336,550337,550338,550339,559547,559546,460355,460354,460353,559545,559544,720270,559543,550340,550341,559542,559541,559540,559539,559538,559537,559536,550332,550331,559548,559549,550323,550324,550325,550326,550327,550328,550329,550330,460370,460369,460368,460367,559535,460366,460364,460363,460362,460361,460360,460359,460358,460357,460356,559552,559551,559550,460365,559534,550342,550343,550368,550369,550370,460352,460351,460350,460349,460348,460347,460346,460345,460344,550367,460343,460341,460340,460339,460338,460337,460336,460335,460334,460333,460332,460331,460330,460342,550322,559528,559530,550344,550345,550346,550347,550348,559533,559532,550349,550350,550351,550352,550353,559529,550354,550356,550357,550358,550359,550360,550361,550362,550363,550364,550365,550366,559531,550355,546408,550321,550319,546384,546383,546382,560681,560682,560683,560684,560685,560686,560687,560688,560689,546381,546380,546379,546378,546377,546376,560690,560691,720236,720237,720238,720239,720240,546385,546386,546387,546388,720229,720230,559565,559564,559563,559562,720235,546407,546406,546405,546404,546403,720241,546402,546400,546399,546398,546397,546396,546395,546394,546393,546392,546391,546390,546389,546401,720242,720243,550192,550294,550295,550296,550297,550298,550299,550300,550301,550302,550303,550304,550305,550293,550306,546374,550308,550309,550310,550311,550312,550313,550314,550315,550316,550317,550318,550307,550320,550292,550290,550193,550194,550243,550244,550277,550278,550279,550280,720244,720245,559561,559560,550291,559559,559557,559556,559555,559554,559553,550281,550282,550286,550287,550288,550289,546375,559558,560636,560635,560634,461218,549168,549169,549219,560559,560560,560561,560562,560563,560564,549220,736704,549253,560565,560566,560567,549254,549255,549256,549257,549263,549264,549265,549266,549267,461219,461220,461221,549086,559666,559665,559664,559663,559662,559661,559660,559659,559658,559657,461262,461261,549268,559656,559654,559653,559652,559651,559650,559649,461260,549081,549082,549083,549084,549085,559655,549269,560568,549270,736629,736628,736627,736626,560574,560575,560576,736625,559648,736624,736623,736622,736630,559647,549288,740582,740630,740631,549289,549290,549291,560577,560578,560579,560580,549292,559646,559667,736631,549286,549271,549272,549273,549274,549275,560569,549276,547033,547032,547031,740560,740561,549287,549277,560570,560571,560572,560573,549279,549280,549281,549282,736648,549283,549284,549285,549278,740632,461263,461272,461328,559682,559681,559680,559679,559678,451978,451977,451976,560553,560554,559677,559676,461327,560555,560556,560557,560558,461326,461325,461324,461323,461322,461321,461320,451979,451980,451981,451982,559687,547206,547205,547204,547203,547172,547171,547170,547121,547120,559686,559685,547107,559684,461331,461330,461329,560547,560548,560549,560550,560551,560552,451985,451984,451983,559683,547106,461319,547104,461298,461297,461296,461295,461294,461293,461292,461291,461290,461289,461288,461287,461299,461286,461284,461283,461282,461281,461280,461279,461278,461277,461276,461275,461274,461273,461285,461264,461300,461302,547103,547102,461318,461317,461316,461315,461314,461313,559675,559674,559673,559672,461301,559671,559669,559668,461312,461311,461310,461309,461308,461307,461306,461305,461304,461303,559670,740633,740634,740635,559617,559616,559615,559614,559613,559612,559611,549369,549370,549371,549372,549373,549374,549375,549376,549377,549378,549379,549380,549381,549382,549383,549384,549385,549386,559618,559619,559620,549368,549348,560604,560605,560606,560607,560608,560609,549349,549350,549351,549352,549353,549387,549354,549356,549357,549358,549359,549360,549361,549362,549363,549364,549365,549366,549367,549355,549388,736488,559610,736466,549392,549393,549394,549395,549396,549397,549398,549399,549400,720100,720101,720086,720102,559596,560623,560624,560625,560626,560627,560628,560629,560630,560631,560632,560633,559597,549347,720085,559599,559609,549389,549390,549391,559608,559607,559606,559605,559604,559603,559602,559601,559598,560610,560612,560613,560614,560615,560616,560617,560618,560619,560620,560621,560622,559600,560611,549346,549345,549344,549312,549313,549314,549315,560581,560582,560583,560584,560585,560586,560587,560588,549311,560589,560591,560592,740797,559645,559644,559643,559642,549316,549317,560593,560594,549318,560590,549319,549310,549308,740636,740637,740638,740639,740640,740641,549293,549294,736608,549295,549296,549297,549309,549298,549300,549301,740642,740643,740644,740743,549302,549303,549304,549305,549306,549307,549299,730362,549320,549322,559630,559629,736552,736551,559628,559627,559626,559625,559624,559623,559622,559621,559631,549339,736538,736537,560598,560599,560600,560601,740798,560602,560603,549341,549342,549343,549340,549321,559632,559634,549323,549324,549325,549326,549327,549328,549329,549330,549331,549332,549333,549334,559633,549335,549337,549338,559641,559640,559639,559638,559637,560595,560596,560597,559636,559635,549336,730361,463318,730359,456224,456223,456222,451113,456221,456220,456219,456218,456217,456216,456215,456214,456213,456212,456211,456210,456209,456208,456207,456206,456205,456204,456203,456202,456201,456225,456226,456227,456228,456241,456240,456239,456238,456237,456236,456235,456234,456233,456232,456231,456230,454169,545206,545204,545203,545202,545201,545200,545199,545198,545197,545196,545195,545194,456229,545205,451112,454170,454171,454187,454188,454189,454190,454191,454192,454193,454194,454195,454196,454197,454198,454186,454199,726480,456193,456192,456191,456190,456189,456188,456187,456186,456185,456184,456183,454200,456242,454185,454183,454172,454173,456195,456194,451111,451110,451109,451108,451107,451106,454174,454175,454184,454176,454178,454179,454180,454181,454182,545193,545192,545191,545190,545189,545188,545187,454177,456243,545207,545208,555587,555588,555589,555590,555591,555592,451124,555593,555594,555595,555596,555597,555586,555598,555600,555601,555602,555603,555604,451123,451122,555605,451121,451120,451119,555606,555599,555607,555585,555583,555572,555573,555574,555575,555576,454136,454137,454138,454139,454140,454141,454142,555584,454143,454145,454146,555577,555578,555579,454156,454157,454158,454159,555580,555581,555582,454144,456182,555608,451117,456268,456267,456266,456265,456264,456263,456262,456261,456260,456259,456258,456257,456269,456256,456254,456253,456252,456251,456250,456249,456248,456247,456246,456245,456244,545209,456255,451118,456270,456272,451116,451115,451114,555609,454160,454161,454162,454163,555610,545210,555611,555612,456271,555613,555615,555616,555623,555646,454164,454165,454166,454167,454168,555647,456274,456273,555614,456181,456180,456179,456097,456096,456095,726299,726298,726271,726270,545172,545171,726269,726251,561628,545173,561629,451072,451071,451070,561631,561632,726250,726242,726229,556261,556262,556263,556264,561630,556265,545174,545176,454226,545186,545185,545184,545183,545182,545181,545180,726335,726325,726324,726323,545175,726322,726317,726316,456104,456103,456102,456101,456100,456099,456098,545179,545178,545177,726318,726336,561633,451069,451042,451041,451040,451039,451038,451037,451036,451035,545167,545162,545161,545160,451043,545159,545157,545156,545155,545125,545124,545123,743634,743635,743636,743637,743638,743639,545158,561634,451044,451046,545170,545169,545168,451068,451067,451066,451065,451064,451063,451062,451061,561635,451045,561636,451057,451056,451055,561638,561639,561640,561641,561642,561643,561644,451047,556266,561637,555571,561627,726342,726389,726388,454202,454203,454204,454205,454206,454207,454208,454209,454210,726387,726390,726386,456141,454211,454212,454213,454214,454215,454216,454217,454218,454219,454220,456140,726385,456139,454201,726392,456178,456177,456176,456175,456174,456173,456172,456164,456163,456162,456161,456160,726391,456159,456157,456156,456155,456154,456153,456152,456151,456143,456142,726411,726394,726393,456158,561626,454221,456138,451089,451088,454224,451087,451086,451085,561611,561612,561613,561614,561615,561616,451090,561617,561619,561620,561621,561622,561623,561624,561625,454225,726363,726362,726361,726360,561618,454222,451091,451093,456137,456136,726384,454223,726383,726382,726375,726374,726373,726372,726367,726366,451092,726365,451105,451104,451103,451102,451101,451100,451099,451098,451097,451096,451095,451094,726364,555570,555569,555568,555239,555240,561588,561589,561590,561591,561592,561593,451152,451151,451150,451149,722366,451148,451146,451145,451144,451143,451142,451141,561594,561595,451136,451135,561596,555314,451147,555315,555238,555236,545260,545259,545258,727348,727347,727346,727341,727340,727321,727295,727294,727293,555237,561586,454034,454035,454036,454037,454038,454039,454040,727275,727274,727265,727253,555235,561587,545261,454047,454049,454101,454102,454103,454104,454105,454106,454107,454108,454109,454110,454111,454112,454096,454113,454115,555401,555402,555403,555404,454116,454117,555405,454125,454126,454127,454128,454114,454048,454095,454093,454050,454051,454052,454053,555363,555364,454054,454055,454056,454057,722372,558317,454094,558316,722377,558315,558314,558313,558312,722382,558311,454088,454089,454090,454091,454092,722376,555406,545262,545264,554576,554577,554578,554579,554580,554581,554582,554583,554584,554585,554586,722279,554575,722280,722282,554587,554588,554589,554590,554591,554592,554599,554600,554623,722283,722284,722281,722285,554574,554572,561575,561576,561577,561578,561579,561580,561581,561582,561583,561584,561585,545280,554573,545279,545277,554561,554562,554563,554564,554565,554566,554567,554568,554569,554570,554571,545278,545263,722286,722288,727397,727396,727391,545276,545275,545274,545273,545272,545271,545270,545269,545268,727398,545267,727389,727388,727387,727386,727385,727384,727366,727361,727360,727349,545266,545265,727390,722287,727407,727409,722289,722290,722291,372171,372172,372173,372174,372175,722292,722293,722294,722295,727408,722315,727504,727435,727419,727418,727417,727416,727415,727414,727413,727412,727411,727410,722316,451034,555407,555409,561605,555489,555490,555491,555492,555493,555494,555495,555496,561606,561607,561608,561604,555497,555499,555500,555501,561609,561610,555502,555503,555504,555505,555506,555507,555508,555498,555509,561603,555488,555464,555465,555466,451127,451126,555467,555468,555469,555470,555471,555472,555473,561602,555474,555476,555477,555478,555479,555480,555481,555482,555483,555484,555485,555486,555487,555475,555463,555510,555512,555542,555543,555544,555545,555546,555547,555548,555549,555550,555551,555552,555553,555541,555554,555556,555557,555558,555559,555560,555561,555562,555563,555564,555565,555566,555567,555555,555511,555540,555538,555513,555514,555515,555516,555517,555518,555519,555520,555521,555522,555523,555524,555539,555525,555527,555528,555529,730360,555531,555532,555533,555534,555535,451125,555536,555537,555526,555408,545211,545213,555426,555427,555428,555429,555430,555431,555432,555433,555434,555435,555436,555437,555425,555438,545250,545249,545248,545247,545246,545245,545244,545243,545242,545241,545240,545239,555439,545238,555424,555422,555410,555411,555412,555413,545257,545256,545255,454129,545254,545253,545252,545251,555423,454130,555414,454132,454133,454134,454135,555415,555416,555417,555418,555419,555420,555421,454131,545212,545237,545235,555457,545233,545232,545231,545230,545229,545228,545227,545226,545225,545224,545223,555456,545222,545220,545219,555458,555459,555460,555461,555462,545218,545217,545216,545215,545214,545221,545236,555455,555453,545234,561597,561598,561599,561600,561601,451134,451133,451132,451131,451130,451129,555454,451128,555441,555442,555443,555444,555445,555446,555447,555448,555449,555450,555451,555452,555440,561574,451033,723158,724313,724312,724293,724292,724287,724286,724271,724256,724255,724254,557628,557627,368079,368078,368077,464290,464291,464292,464293,464333,464334,464335,464336,464337,464338,724314,724315,724316,724317,561668,561669,561670,561671,561672,561673,561674,561675,561676,561677,561678,561679,464342,561680,561682,561683,561684,561685,450998,450997,450996,724322,724321,724320,724319,724318,561681,464343,464344,464345,450990,561690,464362,464363,464364,464365,464366,464367,561691,557621,557620,557619,450991,557618,557616,557615,464368,744662,744663,744664,557614,557613,557612,557611,557610,557609,557617,561667,450992,561688,464346,464347,464348,464349,464350,464351,464352,464353,464354,464355,464356,464357,561689,464358,557625,557624,557623,557622,464359,464360,464361,450995,450994,450993,561686,561687,557626,561666,724323,724324,455152,455151,455150,455149,455148,455141,455140,724431,455139,455138,455137,455136,455153,455135,455133,455132,455131,455130,724419,724418,724416,455129,455128,455127,455126,455119,455134,455118,455154,455156,557631,455188,455187,455186,455185,455184,455183,455182,455181,455180,455179,455171,455155,455170,455168,455167,455166,455165,455164,455163,455162,455161,455160,455159,455158,455157,455169,557608,455117,455115,724336,724335,724334,561650,724333,724332,724328,561651,561652,561653,561654,561655,455071,561656,561658,561659,561660,561661,561662,724327,455060,724326,724325,561663,561664,561665,561657,455116,455072,455074,455114,455113,455112,373192,373193,373194,373195,373196,724363,557630,557629,724344,455073,724343,724341,724340,724339,724338,724337,455081,455080,455079,455078,455077,455076,455075,724342,561692,557607,557606,557505,557506,557576,557575,557574,557573,557507,557508,557509,557510,557511,450971,557504,561702,561704,561705,561706,557512,557513,557514,557515,557516,557517,557518,557519,557520,561703,557521,557503,557502,557481,557482,557483,557484,557485,557486,557487,450974,450973,450972,557488,557489,464372,557490,557492,557493,557494,557495,557496,557497,557498,464370,464371,557499,557500,557501,557491,557480,557522,557524,557554,557555,557556,557557,557558,557559,557560,557561,557562,557563,561707,561708,557553,561709,557565,557566,557567,557568,557569,561710,561711,561712,561713,557570,557571,557572,557564,557523,557552,557550,557525,557526,557527,557528,557529,557530,557531,464373,557532,557533,557534,557535,557551,557536,557538,557539,557540,557541,557542,557543,557544,557545,557546,557547,557548,557549,557537,557632,557479,557477,557592,557591,557590,557589,557588,557587,557292,557586,557585,557584,557583,557362,557593,557363,557403,557404,557405,557406,557407,557411,557412,557442,557443,557444,557445,557446,557364,557447,557291,557289,724253,557605,557604,557603,724222,724221,724220,724219,724203,724202,724195,724181,557290,557602,744665,557600,557599,557598,557597,557596,557595,557594,557286,557287,557288,464369,557601,557478,557448,557450,557464,561697,561698,561699,561700,561701,450976,557465,557466,557467,557468,557469,557463,557470,557581,557580,557579,450975,557578,557577,557471,557472,557473,557474,557475,557476,557582,557449,557462,561696,561693,561694,557451,557452,557453,557454,557455,557456,557457,557458,557459,557460,557461,450989,450987,450986,450985,450984,450983,450982,450981,450980,450979,450978,450977,561695,450988,723407,723406,557633,723291,725336,556465,556466,556467,556468,556469,556470,556471,556472,556473,556474,723290,556475,556477,556478,723292,723293,723294,723295,556479,556480,556481,556482,725317,723296,556476,723297,723289,723267,725359,725358,725357,556463,556464,725351,725350,725349,561647,561648,561649,725348,723268,725347,725345,725344,725343,725342,725341,725340,725339,725338,725337,723248,723262,723263,725346,725360,723298,723300,723308,723309,556498,556499,556500,556501,723310,556502,556503,556504,556505,556506,725275,556507,556509,556510,556511,556512,556513,556514,556515,556516,556517,556518,556519,556520,556508,723299,725276,725278,723301,723302,723303,723304,723305,723306,723307,725311,725310,556483,556484,556485,725277,556486,556488,556489,556490,556491,556492,556493,556494,556495,556496,556497,725294,725293,556487,556521,725361,725363,743716,743717,743718,723171,723172,723178,723179,556338,556339,556340,723193,723194,743715,723195,723197,723229,556387,556388,725455,725442,725441,451024,725440,556420,556421,556423,723196,556424,743714,743712,743650,545073,545072,545063,545062,545061,545053,545052,545051,451032,451031,451030,743713,451029,451027,451026,451025,743703,743704,743705,743706,743707,743708,743709,743710,743711,451028,725362,556425,556427,556444,556445,725387,556446,556447,556448,556449,556450,556451,556452,556453,556454,556443,556455,556457,556458,556459,556460,556461,556462,725369,725368,725367,725366,725365,725364,556456,556426,556442,556440,556428,556429,556430,556431,556432,556433,556434,556435,556436,723230,544984,544983,556441,743812,743867,723231,723232,556437,556438,556439,451023,451022,451021,451020,561645,561646,743813,743640,556522,556524,557654,557653,557652,557651,557650,455250,455249,455248,455247,455246,455245,455244,557655,455243,455241,455240,455239,455238,455237,455236,455235,455234,455233,455232,455231,455230,455242,455229,557656,557658,556629,556630,556631,723319,557694,557693,723339,557672,557671,557663,557662,556632,557657,556633,556635,556636,556637,556638,556639,556647,556648,556670,556671,557661,557660,557659,556634,556628,455228,455226,557643,557642,557641,557640,557639,723391,557638,557637,557636,455201,455200,455199,557644,455198,455196,455195,455194,455193,455192,455191,455190,723395,723396,557635,557634,455189,455197,455227,455202,455204,455225,455224,455223,557649,557648,557647,455222,455221,455220,455219,455218,455217,455203,557646,455216,455215,455214,455213,455212,455211,455210,455209,455208,455207,455206,455205,557645,556523,556627,556625,556547,556548,556549,556550,556551,556552,556553,556554,556555,556556,723311,723312,556546,723313,723315,723316,723317,723318,556557,556558,556559,556560,556561,556562,556563,556564,723314,556565,556545,556543,725247,725246,725245,725244,725227,725226,556525,556526,556527,556528,556529,556530,556544,556531,556532,556533,556534,725205,556535,556536,556537,556538,556539,556540,556541,556542,725218,556626,556566,556568,556599,556600,556601,556602,556603,556604,556605,556606,556607,556608,556609,556610,556598,556611,556613,556614,556615,556616,556617,556618,556619,556620,556621,556622,556623,556624,556612,556567,556597,556595,556569,556570,556571,556572,556573,556574,556575,556576,556577,556578,556579,556580,556596,556581,556583,556584,556585,556586,556587,556588,556589,556590,556591,556592,556593,556594,556582,561573,555530,554560,729387,729368,729343,729342,729341,729340,729339,729338,729336,729335,729334,729388,729333,729331,729327,729326,729322,729321,729313,729312,729311,722225,722226,722227,729332,729389,729390,729391,717014,561384,561385,729456,729455,729446,729445,729435,729434,729433,729432,729431,729430,729414,729413,729412,729411,729410,729409,729408,729396,729395,729394,729393,729392,742627,742678,722228,561388,554214,554290,554291,554339,554340,554375,554376,554377,554378,554379,554380,554381,554382,554383,554384,554385,554386,554387,554388,554389,554390,554391,554392,554393,554394,554213,717015,554212,742790,561389,742679,742680,742681,742682,742683,742684,742685,742686,742687,742688,561390,722229,722230,722231,554209,554210,554211,742689,742690,742691,742692,561572,742693,742789,742843,729457,729458,729459,553528,553529,553530,553531,553532,553533,553534,553535,553536,553537,553538,553539,553540,553541,553542,553543,553544,553545,553546,553547,553548,553549,553550,553551,553552,553527,553553,553526,553524,553503,553504,553505,553506,553507,553508,553509,722148,722149,722154,553510,553511,553512,553513,553514,553515,553516,553517,722155,553518,553519,553520,553521,553522,553523,553525,554395,553554,553556,558383,742612,742613,742614,742615,722204,729554,722205,729553,729552,729542,729541,729540,729539,729482,729469,729468,729467,729466,729465,729464,729463,729462,729461,729460,558384,553555,558385,742611,553557,553558,553559,553560,546008,546007,553561,553562,553563,553564,553565,553566,553567,553568,553575,553576,553599,722168,722169,722170,722171,722172,558387,742609,742610,558386,553502,554396,728528,728444,728443,728442,728441,728440,728439,728438,728437,722237,545369,545368,554447,545367,728436,728435,722238,722239,722240,722241,722242,728434,728433,728432,728431,545366,457229,457230,457231,545384,545383,545382,545381,545380,545379,457241,457240,457239,457238,457237,457236,457235,545378,545377,545376,545375,545374,545373,545372,545371,545370,457234,457233,457232,554448,554449,554450,457228,545362,457204,457203,457202,457201,457200,457199,457198,457197,457196,554455,728422,728421,728420,728414,728413,545361,545360,545359,545358,728412,457188,457187,457186,457185,545363,545385,545364,457206,457227,457226,457225,457224,554451,554452,554453,554454,457219,457218,457217,457216,457215,457214,457213,722253,722254,722255,457212,457211,457210,457209,545365,457208,457207,457205,545394,545395,545396,554426,554427,554428,554429,554430,554431,554432,554433,554434,728458,554435,554436,554437,554438,554439,545429,545410,545409,545408,554440,554441,554442,554443,554444,554445,554425,554446,554424,554422,554397,554398,554399,554400,554401,554402,554403,554404,554405,554406,554407,554408,554409,554410,554411,554412,554413,554414,554415,554416,554417,554418,554419,554420,554421,554423,728529,457298,457296,457266,457265,457264,457263,457262,457261,457260,457259,457258,457257,457256,457255,457254,457253,457252,457251,457250,457249,457248,457247,457246,457245,457244,457243,457242,457267,457297,457268,457270,457295,457294,457293,457292,457291,457290,457289,457288,457287,457286,457285,457284,457283,457282,457281,457280,457279,457278,457277,457276,457275,457274,457273,457272,457271,457269,457184,553501,553499,558570,558569,558568,463376,463377,463378,558567,717016,558566,558565,558564,558571,558563,558561,558560,558559,558558,553265,558557,463379,463380,463381,558556,558555,558562,558572,558573,558574,558596,558595,558594,558593,558592,558591,558590,558589,558588,558587,558586,558585,558584,558583,558582,558581,558580,558579,558578,558577,558576,558575,463373,463374,463375,558554,558553,558552,463382,553363,553364,553365,553366,553367,553368,553369,553370,553371,553372,553373,553374,553375,553376,553377,553378,553379,558540,558539,558538,558537,558536,558535,558534,558533,553362,558597,553361,553359,463383,463384,558551,553266,553315,553316,553350,553351,553352,553353,553354,553355,553356,558550,558549,558548,558547,558546,558545,558544,558543,558542,558541,553357,553358,553360,558598,558599,558600,458147,558647,558646,558645,458146,458145,730358,730357,730356,558644,558643,558642,558641,558640,730350,730349,558639,558638,558637,558636,558635,558634,558633,558632,558631,458148,558630,558648,558650,458151,558666,558665,558664,558663,558662,558661,558660,717032,717028,717027,717026,717025,558659,558658,558657,558656,717024,558655,558654,458150,458149,558653,558652,558651,558649,558532,558629,558627,553186,553187,558623,558622,558621,558620,558619,558618,558617,558616,558615,558614,558613,558612,558611,558610,558609,558608,558607,558606,558605,558604,558603,558602,558601,553185,558628,553184,730336,463361,463362,463363,558626,558625,558624,463364,463365,463366,463367,463368,730345,458144,730344,730343,730342,730341,730340,730339,730338,463369,730337,463370,463371,463372,730335,553500,558531,558529,463412,463413,463414,553459,553460,553461,553462,553463,553464,553465,463415,463411,463416,463418,463419,463420,463421,463422,463423,463424,463425,463426,463427,463428,463417,463410,463409,463408,553446,553447,558476,558475,558474,553448,553449,553450,553451,553452,553453,553454,553455,553456,553457,553458,463399,463400,463401,463402,463403,463404,463405,463406,463407,463429,463430,463431,463432,558435,558431,558430,558429,558428,558427,558426,553482,553483,553484,553485,722134,553486,553487,553488,553489,553490,553491,553492,553493,553494,553495,553496,553497,553498,558436,553445,553481,553479,553466,553467,553468,553469,553470,553471,553472,553473,553474,553475,553476,553477,553478,558473,558472,558471,558470,558469,558468,558467,558466,463433,463434,463435,558465,553480,553444,553443,553442,558508,553389,553390,553391,553392,553393,553394,558507,558506,558505,558504,558503,558502,558501,553395,553396,553397,553398,553399,553400,553401,553402,553403,553404,553405,558509,553406,558510,558512,558528,558527,558526,558525,558524,558523,558522,558521,558520,558519,553380,553381,553382,553383,553384,553385,553386,553387,553388,558518,558517,558516,558515,558514,558513,558511,558530,553407,558500,553425,553426,553427,558486,558485,558484,558481,558480,558479,558478,558477,553428,553429,553430,553431,553432,553433,553434,553435,553436,553437,553438,553439,553440,553441,553424,553408,553423,553421,558499,558498,558497,558496,558495,553409,553410,553411,553412,558494,558493,558492,558491,558490,558489,558488,558487,553413,553414,553415,553416,553417,553418,553419,553420,553422,457183,547374,554520,561445,554502,728319,728318,728317,728309,728308,728307,728306,545338,545339,545340,545341,561444,554469,554466,554465,554464,554463,561446,728305,554501,554499,545326,545327,545328,545329,545330,545331,545332,545333,545334,545335,545336,545337,554468,554494,554495,554496,554497,554498,561447,554500,554493,728304,554462,545348,457166,457167,722269,722270,722271,561499,561500,561501,554458,554457,554456,728407,545349,545350,545351,545352,545353,545354,545347,728298,545346,722267,554461,554460,554459,457160,457161,457162,457163,457164,554503,554504,561497,561498,722265,457165,545342,545343,545344,545345,722266,722268,545355,554492,554490,554472,554473,554474,554475,554476,554477,554478,554479,554480,554481,561448,561449,554482,728373,545321,545320,728372,728371,728370,545295,728369,545294,561543,545322,561536,561537,561538,554519,561539,561540,545323,545324,545325,561541,554470,554471,728390,728385,545291,545292,545293,561542,561544,554491,457128,457126,561550,545290,545289,561558,561559,561560,561561,554521,554522,554523,554486,728364,728363,545311,545310,554487,554488,728344,554489,561549,457127,554485,554483,457125,457124,457123,545319,545318,545317,545316,545315,545314,545313,545312,457122,457121,561545,561546,457120,457119,561547,561548,554484,545356,554467,728408,554515,554514,561503,722275,554530,554531,545302,554532,554533,545288,554534,554535,457182,457181,457180,545301,457179,561504,457178,554516,561505,561571,545283,722277,722276,554524,554525,554526,554527,561562,561563,561564,561565,554528,554552,554551,554529,722274,561568,554517,545281,545282,545284,722278,561506,722272,554538,554539,554540,561569,554541,554542,554543,554544,554545,545287,545286,545285,554546,554547,554548,554549,554550,561566,561567,554537,561507,554536,728277,457177,722273,554505,728289,545309,545308,561570,545307,545306,545305,554506,554507,561508,554508,554509,554510,554511,554512,554513,545357,554553,554518,545304,554555,554557,554558,554559,554554,545296,545297,545298,561502,545299,545300,554556,728409,728410,728411,457176,545303
